49
3 3
430221767 169371473 723145885
10 8
292216084 724254043 385848721 632458054 376650388 927552172 907418578 413077859 418349516 378554942
5 7
947421425 974809256 43633108 83543383 78555001
5 8
233577833 668999009 40408978 20078552 387384522
6 1
610176612 512437128 27860542 541546983 543751633 528776426
7 6
719501641 313670392 936637169 471472503 544989248 412947070 650865295
5 2
109644858 49921521 974886414 727066408 920738553
1 9
812150024
8 10
403745481 348155479 186631368 516473830 84306321 492115509 609066284 793733988
6 7
660767264 915988708 960504564 837638770 295494031 217561237
6 4
872653489 39843288 642228705 749528141 915836511 765075340
7 6
316218990 95698354 227865696 36438849 830762269 717887649 324151181
2 8
396149190 585169285
4 4
238135966 272511979 926559326 287778896
8 10
136891185 248220054 788545868 149933297 889910765 510761382 840982991 348502000
8 1
183754161 631593661 891825742 566092005 601114607 641936401 198838966 122722424
10 7
171961701 709568928 222623871 39889027 897530976 286806151 139228366 962210373 137963891 935825563
1 8
970672243
10 1
269995234 607354812 879146335 640229771 340381876 458643828 339810339 822993150 69300838 431085372
3 1
555945354 654005961 528238109
6 1
210664432 193096067 970729882 657273084 352937596 656269489
6 2
307032574 579958678 294557284 413851468 486732862 83748651
5 7
371784761 477193418 24374434 850242101 39264983
1 9
676570435
1 1
37228529
10 4
220770813 82314726 659414573 717157710 248204655 351144845 223973139 358021913 757223869 355063508
3 1
258275234 467480396 118792601
4 6
406046354 796251118 728771139 689585453
10 6
245296123 804218913 408464031 220725185 21048913 437331772 711673054 652030294 510672105 512017287
2 9
160438945 383927198
9 8
810467521 869416685 777360785 702553215 625907382 207840982 635667548 497720965 517144136
7 2
822876770 672812678 729776684 982898002 562292309 943271785 770023948
4 1
63538504 14091560 277637682 552572008
9 10
431522089 522733709 605040175 624471785 433717691 391779545 879041387 920238706 371308354
8 4
389470550 550706400 948782873 669075154 299454713 458312663 884529152 309074203
7 6
465231865 480050307 398848312 42376474 98238658 233776626 371253342
8 6
306928958 470252943 270324932 533061703 535734496 321077580 564961316 182751050
8 10
182278628 345541285 377253373 541031814 142475593 661586755 226865939 811573473
2 3
267393380 638645917
10 8
214234367 852028335 941766214 359033673 284526344 493253866 695059975 288691453 689510191 280227820
10 7
655287732 403108658 415343547 472862099 554329374 944867404 175206372 366183734 64437388 255507416
3 6
883927541 517148309 196668638
1 1
793323380
4 3
652817985 37507232 128439274 708541588
7 7
969963864 431331875 420108426 620279070 351689245 376066881 520439880
2 6
399823695 196435118
8 6
864055604 76732398 318456659 978118378 491422869 27691577 620267600 541282684
8 6
640266280 891968622 119457817 973712086 940394106 387215263 672802168 451468815
6 10
719365838 619338655 871886247 547295541 203046456 129088968
