76
3 7
914671339 98075840 527921482
2 1
384090293 535024337
2 5
871264860 994269883
4 1
96949097 16113736 196294254 475560727
10 5
438034780 546544889 505211104 790747008 406759594 644693433 261820606 919651292 800555125 312931592
10 6
224526752 71121437 948705364 480017475 680936377 928700648 436551851 459353735 193618872 898866945
4 6
268540088 827778434 295492831 868545207
7 8
215442178 85468691 420531243 393788957 516652155 381214550 453090056
6 5
671469802 179586138 7091011 232669687 82420364 266345584
1 5
887369198
2 2
636796619 120390817
1 10
62049772
9 10
671618815 372869434 786251015 453017770 295579800 525284482 129812272 26731484 973373212
10 4
985694998 508801212 463582066 596629333 292472945 645104857 491864023 158586840 270088634 202405791
3 2
785090753 494816376 184628779
9 8
259374805 60657233 114933504 103268837 828767381 150954323 887062957 542276762 191832273
9 1
421650832 870497481 712396921 683702792 54656570 172772800 424423758 297235918 600822907
6 8
43572548 798301635 307891343 936361915 977019983 262918905
3 5
729991038 715939788 875644106
2 6
607973353 724923460
3 10
50796045 263665069 964612371
5 2
909739914 793686197 340404628 565606361 343677962
8 9
652127500 594080263 739780473 635103511 618178669 771451020 682001749 787849742
8 9
622352042 850190422 333367173 853600336 208366128 968319945 197782741 243785582
8 5
594333629 968250978 399128965 440122044 449718486 450098676 652869494 438843387
3 3
257805298 948294832 254416553
1 2
945522345
8 5
33828822 732800133 671704504 665516593 278047278 691386734 516843351 37998348
3 4
211948927 619099714 223702900
9 4
510954425 717943516 148267443 375711444 743050403 578441097 865300904 664187758 122689609
1 2
479976503
7 8
503787753 433214894 992348223 580788196 650155274 955828542 736302473
1 7
964617940
5 1
984636670 913363766 97058185 276129344 799351385
7 7
546383983 672306086 220987398 166402385 437781447 873085826 558894584
4 10
702205268 912569495 691756113 628873405
1 4
538218488
4 2
483240957 334253591 932970523 627324190
4 7
236765315 47469974 647667255 451445903
2 5
927418981 515175222
1 3
58382489
4 8
578836344 409016480 257621682 223470070
10 9
570349060 542516651 498930191 947043937 581036234 907373036 788456284 418175050 48860685 454219581
9 9
562706120 489422867 819877746 722909428 547089284 486001255 717562996 727171691 506266273
1 8
913760388
6 5
741105494 838880683 303200952 152845390 807875055 963615421
7 1
103923988 84844429 278311084 895669361 73253466 349912022 638801130
2 9
211892932 13876807
4 5
773905825 447093872 774055281 140055387
7 4
240217504 380139866 986872068 147677302 543745917 986893824 247043241
8 3
786989013 30019943 273909354 171241002 327964010 605235480 52783155 253287816
7 9
806040360 456183732 258157649 87124795 50120868 534523476 27146622
10 9
591555979 490211723 704315052 683555642 232046189 887630421 442156464 487933436 374629111 376356083
10 1
474602534 909127792 754846299 361321936 548852398 133029152 619835056 415487497 279192287 943185245
7 10
371052627 786625055 711248437 71525919 842456667 412789283 533958971
1 8
850964990
2 4
724600102 232921716
2 6
642671857 395441445
1 2
268610154
5 3
100832713 605504252 790341565 472773026 746758568
2 5
684555230 435592286
2 7
504738097 897204149
3 3
125846501 100585985 385125211
5 1
72740406 903370325 66112298 181380825 87507973
9 9
238605609 934851098 445536884 646612056 579174927 538647130 349410494 748366862 779813874
7 3
799714242 207861275 912552550 965248465 347790912 832210013 828597916
10 10
835665175 528445282 169548837 85987783 119458444 229558127 167417565 154382131 871445710 323042672
3 4
768297604 291481291 910388346
1 7
126820193
10 4
924134817 601128565 749038093 35489448 454500398 718212900 356339604 260195555 775578598 534393876
9 7
867450110 101925623 930089202 374703271 57996251 923546312 613336153 11624900 1794464
2 2
789609168 546106049
4 4
280090793 731517519 811304770 177961367
2 4
812282914 631426038
2 2
785829368 288145944
3 8
421838396 173352621 60277780
