85
3 2
183589550 240026168 136669394
9 5
486021185 979950054 740965112 616270827 94054051 385238109 991735426 800386471 134991506
9 8
467371982 434580157 325722834 500843907 310015683 10154758 484091082 685541237 920103208
6 10
432697339 396700835 953364120 482943959 797305438 6333289
7 9
534568148 243581503 434570195 477451928 341836951 242560451 69120375
9 3
474829849 476263208 252498252 544427506 317412506 355695922 76203413 541665522 753367603
1 5
780933292
7 2
416047132 980290387 452744120 86113525 425754134 963034153 418700825
10 10
77698657 489755808 761356971 370498727 597362023 550542381 549921648 953346118 494112642 988518324
7 3
556632838 403694506 409017787 860196309 101541333 815484082 70215653
4 8
705821989 408331277 53548654 523713295
8 3
11763022 943590777 713781322 567915683 698431847 745885518 485969421 817721903
10 3
99384576 627233137 152030443 372359113 727010808 581547363 585577928 117155147 216326806 580871532
5 9
973392856 247545214 218034650 393498786 760531789
8 5
526569817 495759476 997423841 253363592 494472371 279089762 508883269 741588818
2 5
465665297 968764879
8 7
872336142 909234372 677102226 154980836 428041751 670242921 913396949 779101073
3 1
225275523 41425185 965910421
4 4
416046140 952899396 1813612 881632997
4 7
835766207 780234736 700593172 62124563
4 5
784064479 354760434 861058657 259174690
4 9
266403412 489897218 283834512 335813995
4 8
651083046 603244195 182185132 969925900
5 4
855259279 634093640 4860065 676140010 793161777
7 7
217703904 17180888 633469570 13644850 254745809 472349319 724376505
7 1
284743826 562130142 318229290 362090625 826927033 262317897 515861878
10 8
248882347 893047389 666495506 714465790 855530999 213695718 157288335 294144425 867983036 823909761
7 9
780493619 675488277 557778824 865940952 239729959 599315629 295778726
5 5
477326438 950986409 209338553 946291244 58394031
6 2
26633059 971997674 110059594 724645689 181502092 377358754
10 6
190458187 527257534 610545916 239067445 553818917 50562173 898417292 307394553 378402769 65676273
1 7
451032256
3 6
928454529 225696828 797451284
10 7
732873005 105344732 458162839 63317851 188496329 39831170 983989298 138596950 445400588 910785538
7 7
418440066 458034086 68486943 819106749 800201565 480893283 852827590
2 8
799292920 803766365
7 9
634948765 900286585 368942344 78163375 4180329 973720608 783612970
5 5
642398485 81721286 551200263 72454378 447904920
5 9
846239680 21040404 732618014 718125208 874983682
8 1
946705111 219937355 298612966 955004773 428601135 872210388 38748959 726880867
5 8
399025452 565309238 587028208 770233762 534513838
8 6
677389120 886355817 420756559 36077271 297613171 188190272 409977403 869754687
6 7
382335295 16619103 518851772 144033983 292276385 283853680
3 5
163765020 514539697 410926738
3 2
735703379 185353764 180385628
4 9
980589940 748310865 37447917 331706590
1 1
602504303
9 7
862634345 508987385 109920041 419466913 492997144 968525307 948961788 231516461 454725962
2 7
423179558 785414013
4 4
292463869 765798773 669372462 12152337
1 4
311467286
3 7
747376413 595872689 619882189
7 4
155159011 714968866 104793596 918053475 926843189 186429984 119401092
1 4
567117586
2 6
695800666 22816340
2 3
67293652 129059663
9 7
357433336 632364346 167831006 652844759 171909280 230445580 93660545 456031782 854500132
9 5
396669077 899122932 237928309 812814745 998012703 720258724 812802327 439221553 470370405
4 3
27002867 542055878 888127008 727939427
6 3
641184831 689649438 754346043 481232401 884523302 945996152
5 7
120165938 436022207 356264667 603639912 23658033
5 2
89716569 288949078 970841090 497557815 246614246
6 4
129465915 549578282 233206129 490743560 720625293 621043920
5 5
325807334 577496997 598297434 914944439 942907467
6 8
616396915 378734465 507187802 436360661 718827014 183239271
8 5
954789320 977996493 968417095 337865982 610044356 695721560 726878560 747837556
3 7
461359821 948020403 110992864
6 1
721037413 969370924 763038589 243868926 739572373 856365355
6 1
557562862 218147398 914526891 758523864 509382248 919806028
10 4
20336843 138381281 650549868 381048194 684166873 908655919 51619249 747920056 921485497 158642671
6 10
956904889 506380271 612182843 230631821 212505054 310697666
8 1
449121651 340956114 966510921 468262856 671936866 81499280 522969380 459827874
2 7
85156211 77679966
10 2
29675742 898547796 214924592 666106600 339653444 913785540 891424761 88541015 291457704 786791483
3 1
713714362 34657687 437555486
3 1
225833211 836424832 74013063
3 4
848474533 942539756 616682172
10 2
194982491 269983960 113468410 920354577 975586521 184585201 198714671 230864307 64324742 498439608
10 9
845043805 394429383 117073738 951919723 560977860 872669164 17050521 644904971 791313422 723736564
10 4
628893315 236019092 209902297 602579348 654511213 482256701 655919468 925000216 953963521 78742715
3 10
449833737 479744427 583425148
9 9
101240640 360574669 74766266 518895692 955708301 261572660 606475363 438279435 764507156
9 10
800383886 386945897 637251521 503510553 918667821 587769589 256894292 307493744 868940980
4 9
778770803 109254695 391775838 168395114
2 7
729574003 13077650
