68
6 3
739537962 576183371 886087010 165321655 1047794 454911824
3 3
421271430 146391791 633169602
9 4
290026246 925040257 975443962 863836999 496590829 167283912 767894701 820220023 116079118
5 4
356593317 376035550 861388629 312498180 615384205
3 8
8460552 600199758 837860432
5 8
830274448 78863577 49035743 480124429 489209440
1 5
425984512
9 7
166769891 670428254 41027763 275596060 378559454 266088533 428416052 944862996 861628018
3 3
152268132 410185524 634038193
3 8
583066687 806843727 56243838
4 1
560274055 579122156 582054028 855301619
5 1
371842380 339138544 136470238 86399126 670947682
7 1
12053677 814034847 586103927 274138471 917058161 418034556 344081700
10 6
317411626 626716549 527319132 426270428 763724416 881492918 474927972 300729398 64620843 280015556
7 8
850687501 581815768 724014051 728243536 670993820 523682595 751976495
9 4
830741420 320680645 466310716 580533754 986358630 196484006 458452725 351166016 22500640
2 8
309547883 441849507
5 6
826466491 910338639 977172775 630646182 598496573
8 9
140859151 221517324 82009494 757640967 468353666 80881962 713951323 684267162
6 5
620153017 347007396 760931206 893415566 280648601 945718411
3 5
556586633 769978244 914243588
10 3
151225306 469121767 915517676 303373406 535662400 295439902 673861103 522810028 689243900 15094791
5 10
80785395 943945250 948754697 320122202 76542368
4 2
740525519 459750885 46043054 286731117
9 4
939814614 24342932 209328060 42847584 695173421 598131038 114877874 915253992 258599393
6 8
190273487 395618021 440378581 337665938 183198236 299919680
3 5
350932077 768696065 462049080
6 8
691991528 638092966 695911298 859726539 449689598 648635635
10 4
158751957 678076318 756835771 827541288 769056933 222825168 302628923 373246938 54530816 163913563
2 10
751700564 294735748
4 5
491374197 423952237 942143166 572418243
3 5
674663296 877475894 177417618
2 2
885832043 725662384
7 2
451149925 87315690 345519756 794057553 518349729 821089479 325827614
7 1
986824177 188187008 220711270 425576780 107575237 144932164 264402842
6 4
125307000 581712261 114708010 699406668 379847060 340688347
4 4
409935284 640517637 439412071 639009651
3 4
456109597 801933404 318225691
7 5
978754851 77621628 592672599 857731989 36862609 57721118 191844718
7 10
383868599 716792368 619717982 597441341 514740932 918247748 688472815
2 5
968232586 132818605
6 5
633207360 162206889 905138283 274867788 647753535 818259050
2 7
364261094 113995877
1 7
717074515
2 2
216190693 293931065
8 7
29822137 702856273 760679962 1704969 780884141 307317099 794689629 709019895
9 9
933688064 914380966 547898418 856729856 312419507 578696387 894027654 617870011 352539071
3 4
366796533 995415407 839083315
2 7
917349768 72158066
8 7
12685147 172932212 627668257 677439559 130048786 931941833 922495645 382728198
9 10
274607636 509854588 524456605 103848471 20667918 877364281 981686424 496383215 753087292
1 5
431566347
7 3
726023114 899946921 689873232 199157872 24717765 760461135 931475310
1 4
778275378
2 1
976264472 403775760
4 2
165140005 560834644 145211637 416729574
3 5
709815315 957917707 21608717
4 5
646836583 12445754 362961655 216477900
5 7
548134948 169381020 632539982 517379182 463216487
6 7
44786107 272288773 81630355 288125218 645561497 233559292
1 9
195246318
5 9
127445704 814603755 228170594 706004658 426428606
9 6
483197280 48019744 390394688 31948961 335704376 171618355 949804349 520313013 766342193
5 9
841555365 865889207 570156784 294815274 347791000
1 10
47213667
10 3
44647308 541115766 368299827 768665490 358812246 484019918 301016943 167412750 375779455 479981906
7 2
674315204 650590979 707321190 57803046 121484592 855586163 177177223
7 8
1585199 966951542 632489166 730855739 513428887 100629935 880040572
