86
10 4
338310632 838398941 327511124 684813398 285289831 199824807 62556746 633848557 844855607 971987706
7 6
196718700 932465074 362507354 112411270 718218574 695665574 230739514
8 2
815523634 307579767 182060774 866013095 585149559 474918396 801935944 955586842
4 1
326147676 936398707 559395062 692926991
10 6
812140663 195418765 482538217 52074054 627490960 167719429 425152735 322256091 239648898 562067805
7 10
617898270 120701507 631821370 239593782 576256153 534721090 558418836
9 3
166130804 319680674 315077431 656027651 268612441 473040641 481201522 662431784 640369599
1 6
345794532
5 2
514599403 246830992 5802085 779104904 870564951
9 7
291207534 156161386 414370126 211508015 940154679 970243879 528683820 130934230 559779050
1 10
985874113
2 10
112571396 980781561
8 2
423915357 619306487 320161380 511129658 743661817 215794558 203701831 860014851
7 6
797414571 424811525 269108451 370272977 594689954 550225742 767020368
3 9
679783523 439166186 26110869
10 8
855715012 138312498 594394202 781220802 705927579 159720016 25997860 902534797 533238335 634302436
4 5
47231441 569995350 748793866 508700818
2 7
706921761 409995992
2 2
284753459 148551394
5 1
228992439 304124647 15663899 103954442 441218429
4 6
120105048 969759438 234775228 184358150
6 10
840501070 332505392 264150640 373947391 806349054 215162506
5 5
782378286 589882906 252575800 471917898 925524140
6 2
319966033 205133689 704114342 519832229 289660075 33777590
5 4
295937588 270861328 119333673 793520385 572105029
8 8
483829653 314271773 513400189 461878730 579071837 753568507 710076805 778424877
5 4
436851420 793813729 176500825 528797603 13897307
4 2
246434684 438752294 487573645 507526768
9 1
975266754 192164816 359708770 764804246 411979993 456844995 221109526 480099463 159542755
7 5
290700781 688373121 910404898 52408114 85760235 856291044 759815364
3 7
546068440 76314498 143363324
10 2
249966800 842418014 855724310 148431273 480884502 378764775 610262853 253224434 736673169 422892710
4 3
439620520 640971533 151803786 471607514
4 1
468595933 312783335 712419763 173550988
10 7
259371898 409063319 222724271 227208112 852664829 65608857 954315311 948801702 245834724 292360272
2 6
973311394 195071710
2 10
508925237 254488774
2 10
654434174 507682842
4 3
500899296 298478189 997890244 102957282
3 9
468084318 257099746 539898218
2 7
85845355 881437606
5 2
864194302 191008513 842025787 596807011 128629666
7 5
543989322 774154714 494166035 632441027 992109556 791105809 465039095
3 10
371514902 540908625 33170328
6 10
304271381 639017396 144815289 650013312 181256922 31748175
3 6
506567566 192313129 58526476
10 9
619312329 262160559 194893310 789765093 800750821 590012851 622625751 30889230 524932476 70538158
6 2
105461966 220865936 996385164 425919863 977058410 493393153
7 10
513124173 398381946 996870445 427505602 143100391 407017931 334343687
10 4
874403888 353838309 779644995 298672615 863682681 346100890 352015969 951388124 320162153 459137554
1 5
676752173
9 4
175213479 377534228 48590695 352423439 834747638 230918186 894625136 259707183 584695443
2 4
160203420 202543810
1 3
883846435
1 7
592700953
4 2
186089039 271792573 611849726 460701436
10 1
851104904 701158298 844702026 442791103 317093642 67773208 785685322 681070416 921670390 445989757
7 4
437471963 628264678 487481957 246543271 36681876 29358865 848362912
1 10
482497865
1 9
713368097
7 7
791623530 310429871 698292481 933848906 359924711 88446702 593965465
7 9
511069602 780062914 806847230 8993486 661402149 189088453 101140900
1 3
354348741
9 7
661217818 40507054 732453192 587282197 464199885 436902861 660918926 525301929 384283721
5 3
437044109 489350690 595491587 627290772 312678412
6 4
299777894 431918004 532968323 389221101 104226231 399044128
3 3
838753162 236778779 43694366
10 5
214147250 871100069 889421753 870284933 879749875 571661707 784749068 889395672 959196838 170130320
7 8
898336910 359937185 7688023 434718680 53042037 506683447 778258425
7 7
678678845 757211579 945784156 17658584 469146462 884515471 808584591
1 4
415528249
7 8
104983054 558276796 199224814 726760260 786070601 904479084 659088638
1 6
225469531
9 2
209190450 353344956 610256783 640130506 201012778 599358898 898933194 299122448 401705697
1 2
786428350
5 9
590161768 348208341 364687312 453636536 187736357
8 1
875048115 903723566 465370985 583827683 391887999 944824242 643258760 293600655
9 4
452264839 951036278 106695052 227693296 927120649 541215686 222211521 369988121 340604930
4 1
678500165 446632949 49608072 396731954
6 7
201737102 961006783 728935842 778360508 494637253 349552998
8 5
884623974 362368552 388329518 101594467 8304840 136414357 845198481 713575427
3 4
973069700 520391513 366290312
2 10
337451673 401093272
1 8
117954034
2 2
870183254 864806728
8 2
967512744 219269780 433107044 595575736 450736490 345362552 611473631 641641077
