21
6 7
706808427 746714724 392170846 481253781 743381931 858677655
10 2
783220409 196177795 702611634 713304100 102145311 422168192 961124859 371705628 819350123 849066512
5 7
577209376 456370327 549767129 474430115 604327580
1 6
566330317
3 1
537439029 686478538 355730150
4 7
711367486 435346347 339592473 689043223
2 8
245303708 72066877
9 1
215739605 215632714 998053470 539375062 336695798 693037620 540223365 557085502 149543383
3 8
786821144 534208283 514890013
9 6
929801772 25441779 127061599 963460089 728841356 773248178 524219665 948505310 464853098
4 2
317608545 62255220 221656085 884476364
8 1
653991535 342520451 12849308 814242854 958119382 713007866 428852988 795561851
3 6
159114032 146305181 168978535
5 3
870069776 376762018 601013655 964098347 650790407
9 9
427116982 610212826 889465967 882553134 717586416 841105083 298735723 140031162 62846149
5 5
756229130 677352855 420828878 880693141 572929391
9 6
204812656 984117721 311032170 110933320 604237175 217038742 738892261 714736941 360515634
2 7
688411393 287709909
9 5
393733738 585729243 196421194 762602527 860229145 225486629 173340439 863882203 733397510
5 4
995701846 509691521 84125769 934339515 131284062
3 9
168782236 857475825 341303441
