86
3 2
651402156 55570468 717069969
8 2
888333599 388093339 41461415 948907099 482094117 668687406 362930092 276258450
1 3
928288818
2 3
116124245 25852438
8 8
368794907 811231650 717473734 468408678 11724482 26313830 221306416 129701011
7 8
822876249 426665827 425185142 483150559 93921583 224840076 866734970
4 4
709255576 740553951 22585283 267921822
7 8
305991575 762635764 436108217 537879875 512712615 655266990 389305320
8 1
370747001 519920093 802482679 602867665 249003748 588880451 407444304 664089387
4 1
616331683 936902180 886718940 115592904
5 1
570651563 954796251 287754412 510851063 822217521
8 3
688315245 80659426 209530408 684363417 208829447 267812508 366541299 418429312
8 3
44858505 570383895 715811528 191645011 817394892 541356898 26768678 475620954
5 3
685576593 122049609 578940108 317460903 735262985
10 5
906688790 934114810 791996525 944814858 848201909 649942483 22245842 966025679 454220361 503457331
6 1
544052766 412415030 341542815 513937168 870142805 909076294
7 6
44989076 76019068 305471098 576177615 249617524 797582206 879310012
6 3
512868530 872226798 914020839 801346729 852379343 501536532
5 6
339324151 868759625 864233485 605286892 730735638
4 8
119558248 405769579 961265723 567077162
7 8
330039365 966184935 482028678 515468984 118466175 349862469 213177812
6 3
47093877 770763543 1042420 568452613 66007135 699970478
4 3
843935966 496007566 507075822 735599303
8 5
340274133 940418187 573412512 185365389 943604724 679084657 952531666 952574083
7 10
219934531 865443689 999084786 84383023 362952648 299950433 269425746
2 6
90464524 781231679
1 6
231151798
1 4
661912850
4 9
549904379 508890867 166265186 241679124
3 4
415867321 147125608 159241836
1 3
920484805
6 7
862492123 40918590 745351428 450346463 468414136 828340702
8 1
476481641 125199752 523321793 645798422 758497907 316556379 60251975 467225658
1 2
563414267
2 7
840622958 326810973
4 5
279177438 823852970 684595399 545082213
5 3
149597673 909619855 507794141 244959841 359947488
10 10
387098064 934233527 816055602 246248152 747026587 379212528 669415828 462100614 938379248 123700110
10 4
742656785 907624883 500225211 115472362 135462202 225009182 350957072 481902534 864522448 80692570
3 8
518052067 998082834 56153874
9 7
809309643 955558934 288934060 167539366 918027773 924905804 930841808 120517529 405620656
6 7
419050878 779723629 548402683 90174676 419378635 234250965
3 10
896895197 948354390 514833415
7 3
398210400 953321400 855640116 421711894 917464289 196830552 199628690
4 6
435328019 161262406 762686354 260792441
4 1
59894681 495178145 436139226 808136288
8 6
793738001 321005374 259218054 187657523 27294403 397906865 295142126 768046196
1 3
783155349
6 3
158261411 577499698 986194997 309038882 496969460 182641790
1 9
866012376
2 10
876977852 305337180
3 5
932654587 135323875 87363504
5 3
708218059 473442119 283495166 732912091 100745209
2 10
523237578 369173495
1 9
657821895
5 8
573120817 66360811 978590456 319079634 863766274
9 2
100229213 910824209 270255387 519496354 572995607 662688749 177169137 503487159 50090721
8 1
43816763 474525461 793150860 972532356 402246767 881237297 444337770 17062876
3 4
749486584 952858657 9392219
5 1
720612948 341711680 886108751 12359021 883201804
5 3
887924648 6329957 677398348 538526698 289539602
7 9
575340929 512890407 282643562 825436999 381677088 504554851 651406059
4 1
828196361 709863399 766407398 533203317
2 9
406779330 527620020
5 1
110023697 328247919 707286858 418471099 498884407
5 2
602441858 305663207 870681149 726962215 770347312
7 4
380733589 893726769 495120568 67843065 6158387 241549116 365211317
10 3
847720822 293184690 476504778 673446046 791143374 768253262 694335829 812499699 912247927 772218517
5 4
86748885 665695758 286523003 465985928 725569467
3 2
10609271 592952504 221869584
10 4
42863136 577843850 332341821 470980972 720325348 479404424 578568929 54810905 217375804 217225590
4 2
207911240 280774340 442992228 439485445
2 3
411019155 470833091
4 2
921678994 536168901 153577965 652190375
9 4
686275137 267392003 695496339 1873137 832978637 435192235 101358772 905756779 954500066
2 6
852132208 997990499
7 9
464071494 783128998 900813531 133604770 1838101 744172362 354196881
7 9
725440136 529334277 888103479 167892479 48801666 2241551 900866575
10 2
609460649 128008402 661555387 259432311 702914314 298670283 909796251 780114031 692798381 507871808
2 2
220763655 772018995
5 10
956665628 230927706 648671985 587210628 732072766
7 9
253146134 788500007 354148751 94325494 631134980 794530204 478465005
6 10
419606660 89659659 688287958 648545142 418109457 154783499
9 3
973855726 720934780 905616618 304037361 115518389 448400130 558181447 20075295 271645924
8 1
99596390 99694085 677293855 24204282 411548319 743284754 946953609 965867815
3 2
530655602 679681193 113412623
