53
8 5
332076207 300729106 928024800 544614146 81780787 301032677 280306505 252855466
6 3
938039485 294761111 371914843 655474623 478730583 98272007
2 10
660877623 795041183
6 9
366300128 263063475 390261232 255578285 57731656 969523829
10 1
901101323 463127647 892754327 285104196 890206915 44179173 238017807 698030399 94225828 241527109
9 7
243739991 495648558 306584513 335095698 47171487 608034251 701012926 164167510 350481678
10 2
69946528 923452908 974323170 996494033 452546838 587762252 45369133 516906309 722942951 325589498
9 6
537825413 778374826 300862921 740333841 3150915 652155489 423528013 16042377 840214493
7 5
818206941 240990083 79902558 317054359 674730924 381265197 74493650
9 5
611301969 915357912 700142544 977295046 880736918 377210068 560802069 438231740 925051519
6 9
930147080 980647882 915488463 741976719 603899497 32544695
4 7
690550697 149225442 2751691 209275541
8 5
398685289 750533216 840626286 149253076 588260353 305465643 695722435 744568188
6 5
751538999 74906224 778952818 115917983 100421583 634804659
7 9
536771916 359645292 497886368 151839415 720695754 50196958 819633437
6 4
896433121 380581831 234081793 264258797 506853657 985444563
4 10
936543415 795331021 558425143 536412182
3 6
178524297 926209449 832392281
9 5
262169200 697790239 486177500 539342822 37197379 665929962 907980262 679373964 799900767
3 3
389464674 647221583 684822311
6 9
86983302 877136318 226474770 569135919 227422089 56316800
6 8
654258565 766123356 794202362 744849437 588715539 659322931
5 10
270841519 828120808 629451049 332074456 450468838
8 9
658239322 688053306 323031160 9202911 73794568 315402715 19089662 447758948
9 9
37892642 367141240 974148406 69666990 269860182 93936129 115828123 221588836 448535012
3 2
716770487 435064344 985979036
3 6
631179101 554001964 798296276
9 10
596413035 186470914 477246024 44039676 229199967 469287787 542711110 97890831 114378577
1 2
173866386
2 7
769728570 971973786
8 2
613887956 661420708 331129501 673661119 623294344 593575023 765537204 766855131
10 6
110251795 391424285 11211124 534997110 118271984 785727120 636793492 529491498 186663257 985486165
5 3
465507855 979480182 970733077 888314753 923215468
3 5
139565878 883904132 723903772
7 7
379449959 422237895 2885821 178259007 111381379 51721110 761860128
4 2
206777099 545297731 335273310 382436349
7 2
800275896 447441060 50671623 189668133 446971591 301237565 958238990
10 6
104268638 574441180 432284823 760864949 164363100 968611874 462696499 659689995 43529939 957649042
2 1
603779508 88425913
2 4
20413742 759293474
9 1
618800130 479184782 173382691 24634652 348577294 233607094 504547930 164457039 831362662
9 10
510428102 816817946 710371947 159101505 31865430 519954235 742238277 835268259 997024759
1 9
272678113
5 6
334383062 74478525 138924749 617435800 348715640
2 3
561298215 417652972
4 8
474586869 535084162 322948738 100336572
3 5
399309331 819634887 212393034
1 8
544895076
8 8
780915170 122168521 93403235 418129350 348292803 93330702 193501049 324300888
3 10
658679353 930683098 576683165
6 1
441635837 83517002 161079886 49927746 111999437 421479090
10 1
501338433 582652625 335988537 495810433 542851026 922293090 387511276 542562326 948601730 533950997
2 9
970086719 400628979
