86
6 6
555157475 157862896 325253795 749709439 343265491 710738171
7 6
347933280 426099116 567123150 218219359 80863813 72948015 287626939
9 2
454209230 500944369 560772352 87082063 434284840 941775826 212571585 469766927 57649719
5 8
61252897 381595221 462647880 969058062 914103749
2 9
55470353 271976328
5 3
459229606 6540511 231840395 140884193 379477745
5 6
167820644 626219224 363183959 858702225 73435559
2 8
641314041 836609878
6 1
369408474 505877088 459821413 473947304 67806459 220336340
4 4
687664420 394715266 559652136 68868513
9 10
210567470 144498526 318521344 995199467 956318292 334648625 485495036 564465479 919608592
6 7
395467887 214976252 721802330 904949908 114787478 712710327
8 9
253350291 193969695 118191799 676663783 781205423 577165105 997444417 519984985
1 8
464900490
3 1
847253436 465255533 334573340
4 3
935512531 148236302 689178385 893316722
4 2
33096504 549480977 487663293 590203225
8 9
776282646 468711281 185323779 167754181 914109125 301382108 765180953 39113136
6 7
966697415 171013499 654718816 80931885 223489455 191551494
6 4
795869882 996092152 169970937 281001336 944521255 335403997
9 5
735610219 602678416 993830119 396455882 14623254 505889420 335703060 848635504 6003059
9 8
175378144 494433213 315278480 30964994 497641080 604906634 542930831 957196066 601531401
7 3
545922524 571579941 594258251 303059939 902180204 630277209 665957867
6 1
291490410 609357343 38974311 370577352 359850360 548955490
9 8
714441301 663540737 606544991 270604670 771957710 517529178 906686770 929468390 458130584
4 2
405148752 731599752 430691122 125816449
6 1
955996481 358315693 370174190 410108994 370493632 243071049
10 10
251180800 665010781 239701599 429945481 534505627 424282215 8765006 63847495 909889756 69071223
4 9
124641974 869009393 969794124 661830670
3 5
509572676 705058321 921859123
3 4
621865985 623692569 753461164
3 9
656923153 518246904 243016954
10 8
294356517 238526993 958642723 39380952 481030601 345889786 520505455 554626512 18994122 628852560
4 9
219768398 595123706 919783540 762064403
7 7
73074378 420010882 933016557 222305033 576812286 350315594 274549347
3 7
884728549 417702271 31628503
10 9
268375556 338867781 225351980 893386961 376227883 940936151 392519095 789718087 524572605 5599599
2 7
23342883 570863913
6 3
738385568 668266829 482579821 39037367 277651147 980673544
7 1
235889055 85866277 379687622 776146258 737911989 57424662 146816552
4 7
587210760 201239148 636849707 536247679
1 10
225034610
1 3
799595094
8 4
467744363 822649939 989730277 9884127 302983675 803409595 443330387 445888517
7 4
437970990 422704658 299478190 272968967 849633335 394569353 692957772
1 9
142954790
2 4
221779909 281748890
10 7
652760012 818346509 168194422 999864548 495576196 10284812 69523218 977430145 420984813 829677036
2 7
297460830 612536143
6 4
237663879 987442961 358726872 806818526 835374799 146114415
8 9
614888051 515903384 799619776 139820969 36655673 424934323 415679108 131077183
3 7
494156014 370948845 433148566
6 8
216006422 971395798 148379222 473654447 320822393 583885821
4 5
93672475 896050248 291819509 903559432
3 5
607381871 86928643 369358646
2 4
722910763 23393440
2 4
137698065 62658942
7 1
556518546 468622320 574172677 388708504 322317480 123768674 409005912
4 7
378095505 554531271 207586474 527809422
4 3
421154814 603497119 933394744 137570808
9 5
198290940 904952032 190833494 213372780 667100940 403359611 9638446 829740601 583955170
9 8
364856394 715462577 597413658 847120546 133898316 157985095 984564151 848032516 293646375
8 9
626714227 865981449 670578971 11922238 901705207 534486721 451348240 583808352
10 6
528185134 403851224 818330813 817586134 528099452 819557456 823436912 539111948 940120642 994963686
4 4
768877047 543637899 874263776 761048220
3 1
413340535 958525450 314462059
7 9
664332143 530947872 707306747 34270449 72430379 771666956 390333525
2 2
858689211 882276071
2 2
466491344 314602569
6 4
843450561 138107406 202374729 359227341 88898155 898305460
9 9
722451310 694309565 314933310 326204066 355396255 330490156 508040522 706025862 44141118
8 3
527963567 569156674 111953696 518963139 724817022 83067700 87245795 310600713
4 9
480178903 708226364 64027466 526922472
9 3
973550499 168416788 765775537 192733812 257342235 2995975 119491525 110666342 9975042
8 8
46908852 256487289 419713324 951208410 787776217 854099675 725735470 692419972
2 9
244345977 623359408
5 6
173268239 717489114 277110642 281508793 381469045
1 5
352736684
7 3
219603264 520445771 127379251 172651376 378099055 813239800 326594485
6 8
794792643 701169783 719864200 941412353 245445770 154089370
10 2
839903266 173713933 511198509 401748514 637737946 471327968 523052168 282535803 601014337 76671583
5 8
668139739 635587542 528454722 304119808 649743548
1 9
768541123
1 9
449942054
3 3
580964058 658012829 485464860
2 4
319388585 736705175
