58
1 2
498467557
2 2
122168282 65547401
8 8
215864543 854557097 734844404 11218922 127732179 841873568 120740319 586086490
9 1
94442349 287799789 785973525 957869140 412642552 614114149 681843592 134748746 156117869
10 5
939231529 543767717 293995689 511110225 714074354 512260052 98003174 872180189 506651315 266778300
2 1
277325048 143928632
9 7
913159969 35797361 455438686 358570253 223130672 355385184 43278297 866582246 57626545
8 3
445451533 407319897 856897185 892967380 691465499 753308825 831934951 910065174
2 4
918657065 598657763
1 9
996754834
1 3
741889532
9 1
337207356 965263113 228663387 528732885 685579724 675771160 122060118 619976857 250493835
8 8
20537673 155724020 467081922 707789217 803254438 648804835 503683187 170629067
7 9
413148047 381569320 41484999 824635470 375778425 976330238 27377145
8 3
464945836 956607575 661009861 892867592 677160619 67582697 933062560 397497237
4 3
657357122 582980188 15506169 895270470
9 4
74608885 19071606 227752922 790748288 629652741 952579109 640381818 853712156 691594949
2 10
25171239 222007006
7 6
447966493 589216319 237314967 396246765 742860613 535596851 791889047
9 3
3825820 334928942 331559413 301618813 754633790 393299381 976354979 602966414 90042297
2 8
765999910 100298803
6 1
157746898 824568468 266380492 405437682 771481997 249013160
10 6
301106059 139988131 761937396 328280328 293397762 628037558 335257368 54652299 375991960 637376276
6 9
262942828 92857638 566027479 313852958 105549828 876373459
10 10
953429264 740730993 727423161 743337048 216841762 132565611 536219723 339359326 363240514 376341993
4 8
955562279 816623604 328149354 331640779
8 7
370529400 509723964 67632504 500218936 494782342 304367040 957989896 34940511
2 9
815253342 283600629
2 1
435549934 540055997
3 4
998158763 862535247 943778562
5 10
881776364 723406404 138950662 273055147 497313733
5 10
786452945 56763133 221020470 599241014 944947167
1 1
654973350
3 3
562915170 536577665 155619179
6 7
376605314 184688418 528696782 582253015 225508085 492764002
9 5
607376795 734961564 363777511 45282593 402499567 774897456 5056154 796206541 527373918
7 8
355289951 206170422 218982440 329682653 681264022 413331647 409594926
3 4
630316648 881429700 528334945
5 7
802861822 630496313 166512869 84040706 780083132
9 8
678792982 74282409 170265600 825217846 808015890 105744794 47426813 137331424 834614849
8 2
257090222 194349832 108834272 324049437 420509122 230447482 693753679 448419417
3 7
710931832 578658192 226030776
3 8
17481707 247747075 879982048
8 6
192296634 417198695 61898019 8345744 3608199 22293547 148574720 412697658
9 4
151108391 240376920 926830840 64650586 641284505 339310835 919498840 570910002 285854016
6 1
191306951 121825000 731621438 521423496 971074945 461832002
5 9
609470190 149715102 355998755 559341430 971948480
5 7
129874613 560164867 326437030 732012999 471223055
6 8
9101433 673669373 424326351 532966943 157000731 226065165
10 10
782270397 835334619 872359296 585922299 235105065 716560138 203685135 449400762 862913426 365682343
2 4
51074088 430666624
7 9
718635913 342993939 332933734 232594240 498935470 281673041 557603943
8 10
594722427 345407628 41626887 623222401 182258115 269040786 749768225 358919286
7 10
116297520 842915603 167665057 563073290 624904020 938068375 756210401
1 8
400691097
2 2
371841601 303573901
2 3
803303845 380595791
7 2
800282192 726841609 449167676 479804870 472722998 232981115 479899809
