72
8 4
229882489 650735640 491532609 61705192 127590883 337716508 514074318 688140544
2 5
237092509 241588702
2 2
614343089 668129066
10 6
162455190 968626556 764431094 648917137 402893621 755417013 570559669 971992678 346255283 416025202
3 8
813851298 2040366 700350697
10 4
695235982 96981206 973946888 451364682 352840043 241448185 945880161 299439400 508068112 689159267
9 4
955375529 701587927 805290244 117647534 232255225 681785656 928492342 511328188 992536828
1 2
749405120
4 10
723815227 450946139 186411199 142337592
10 3
325238135 92493075 574595197 614620002 131796524 271378884 88996945 277858921 728912385 947991879
6 1
745913438 915807024 681177039 374031491 990739873 692488727
9 9
455065707 415116557 121900343 729663976 282981943 806321695 598939007 813492103 330767877
2 6
521862526 37169549
2 5
712216551 317237579
6 5
7327973 800511052 34735417 426201085 539431264 850246844
3 5
336162557 227226304 326639046
1 7
790862305
5 10
837439167 780961326 115384968 709230174 228100632
2 3
310590348 855279844
2 6
137546904 920449724
5 9
648387706 800726390 840822943 358268620 529902838
6 6
386875758 994571619 717768656 843075083 484233547 31465420
8 2
451866075 741962840 585061316 531729535 383053530 409930727 969470548 879371969
4 10
157834763 869999717 295693600 237587768
9 3
181367124 92036553 941096583 320093362 19571965 42866926 874727800 965611233 981493770
7 6
576129663 872121762 738012231 509610079 730100501 629070601 184558584
6 2
6138846 567261836 611563654 355409816 880941963 171310305
3 5
802372375 244011812 207798759
10 4
864435895 257317595 133660618 589221915 441211187 604288775 20219196 335918834 535029352 405125658
4 5
505583073 159169883 676521714 119047621
6 5
262565738 587322417 183615630 289281552 959559807 243380314
8 10
786924037 817485840 888830048 499770090 931945692 917219589 390338456 418449630
10 6
339264557 770310033 21791946 166274262 551940638 750451872 13261125 951441519 321310993 907790493
10 9
884131807 490434657 121123815 356069584 43545559 237815827 994168321 496769184 813215531 314754557
9 10
647944340 891987016 321092224 13702261 899311568 79148441 113034029 593364297 763664431
10 10
405322184 566057079 973922988 901575487 449667306 887097044 795541802 557717626 962717620 312856421
5 9
579460377 562126673 950953253 314027377 504136383
10 9
797170529 399433122 259520181 120091004 646143646 607101541 259766107 497849841 897742406 62671768
1 9
340440960
1 1
583524324
3 4
662214144 948323536 589775181
10 5
395688349 800939467 249020189 549927210 895444892 388638663 518623873 258691421 68442354 642847682
10 5
330168848 916888739 595675094 306177270 789102280 956121742 554074622 324430928 501697900 920549709
7 5
52081170 686229923 521832477 377416917 920967372 955961238 772687400
3 4
991323588 573714971 18651040
10 1
275068868 518785683 656727031 898430821 554176361 814401412 517889785 360566388 48089025 572790831
4 7
865694072 346820824 371115656 304397590
4 1
353230312 824735615 287956049 696137868
8 10
400930993 653435121 245645894 175655047 707725127 294864073 425112611 928200019
1 5
517299599
4 6
403118836 209937297 562428091 858886320
10 2
974643954 140081988 699286188 787380859 436728861 907493305 789907298 10707922 75351337 459288563
8 1
416729055 182514781 559189305 816631091 899422589 537969976 833204230 121117384
7 7
993961482 413123096 243382912 330119145 401788237 348781283 171340184
9 3
209796647 765300337 348334068 829622011 497027111 161387071 173897825 626083407 224486974
10 3
850133346 386699552 848173191 170569130 247392485 444506257 994020786 486761354 24888965 411755037
5 8
99702701 973065611 408740957 615444561 119213617
5 5
750584499 247694934 355768124 598627035 890562555
1 5
208739765
9 8
246251453 93071397 514799131 675163269 652097400 608981252 723824449 382749765 129548677
1 4
697564281
2 8
111768292 10408431
6 3
966596681 212152561 656197887 596150787 781083760 560475735
8 2
721978146 933344517 495438583 639179797 462866527 253579539 589785348 26820381
2 9
64182867 895445942
6 8
722920249 312752852 663881474 394852037 576185006 93749274
9 4
824471858 13023938 311629840 492077826 486140501 473434841 639088500 805034767 888583198
8 7
356335363 477819605 977985884 299611940 762747578 341541391 565701703 439022865
7 2
795310024 368388456 850095747 902613672 152451948 684306525 406723298
2 3
81420460 362214843
2 9
932266732 983803620
1 7
274958111
