44
9 7
34851971 698069634 610341401 805555280 191566044 523501257 210996328 914138430 510244208
1 4
876286826
5 5
300967413 644147975 490748906 523005120 742968879
2 2
677223950 897828009
10 5
349369158 284146626 783142131 141124300 188268380 988790833 294223105 677421346 741448633 605490161
6 6
877364649 483439360 871612683 263050784 573524812 734413721
7 1
256465016 561259216 362982886 986806838 165372050 3976822 853722784
5 5
977479236 945532362 950960303 476809702 500998516
1 8
887409592
10 1
876535831 27679296 416349353 943962087 858334817 295599503 661306213 50657931 927615548 158142174
4 2
621391194 435222615 532933318 640188993
6 9
549300809 591278902 617599837 758923095 618402615 618351041
6 10
786359097 200036109 231384967 82997904 563699904 537385970
8 4
489894319 504227274 638719502 5755482 626907396 593839256 864253043 1448981
2 3
632145657 681321158
3 7
69363763 363879177 629605246
3 1
770077620 699371073 992917815
10 9
883073114 784050669 90616952 437553937 462761609 3354852 208179797 798680112 830374941 896481978
6 5
164148273 715102750 270513804 248766607 71288011 23722285
6 2
776435949 344638442 998299049 153677120 559324942 356796571
1 3
777966735
10 1
311460899 390100106 46800834 326675113 678135020 627055974 846316011 284771537 584012144 800594902
5 5
46874734 84845637 123818462 192243911 652069699
2 8
206704443 795039445
9 4
362150751 450574326 603424852 288902455 66342454 229503758 852116042 589539687 217921125
1 8
444621029
2 2
385080445 818204029
5 2
819278070 46849386 910414189 929503965 880461261
5 5
856863627 815790630 287215051 648906674 509814419
2 9
409115364 19842369
3 2
175110515 177014790 117861032
9 1
615241027 962775261 508717788 558651204 715466470 855622421 112807266 900774237 691652552
10 4
545532585 733018356 365934980 926604295 189148679 167591746 170959434 671833893 867651739 53401812
4 3
217509014 202597940 344321828 494832042
5 7
191920801 585103735 718444054 656970568 351634570
2 6
208455250 716185748
8 2
891841102 214999418 447143159 885121830 291454147 715899304 780516005 491504749
7 10
268214509 41959110 877190884 125118972 59393079 425031500 28684527
4 1
550188919 642206141 95614938 88240414
8 7
455600097 252316382 76777656 851973376 876474503 792303200 137686864 436937802
4 4
549968966 469865096 46254230 121682157
3 6
922385011 43487323 679787847
2 1
827390525 389328272
3 3
958142402 22562915 360401721
