30
1 6
522790961
3 5
766984892 433351007 72606166
2 3
734260690 946103882
7 6
484652213 843073814 349002769 814845243 345465230 781507159 139640322
6 3
348434735 800254805 981932954 621990579 995307797 254956619
5 8
804842081 384512105 277410356 472822951 416432580
9 2
451317308 18113095 63643891 472025001 483408424 573709948 307808859 176412231 210481590
8 9
996347696 51437887 39290790 902844382 53071376 654553873 228454680 765023841
4 6
896700164 427265120 923729978 962113704
2 4
821777173 361907809
2 2
974947161 292451263
5 4
86971770 131525288 406639661 888029562 548646563
6 2
448115855 358406119 468081738 506038064 306914911 399888863
5 10
454870984 974136431 677672257 183691416 668419617
9 8
530807813 143869478 247246790 704635517 700808729 446211855 220600989 98618432 94950468
6 2
325560519 652571521 238145412 153239620 29735992 10634891
2 1
440654133 910579407
10 5
919385237 133576089 371530378 98769437 467806861 555043417 675721088 723748724 232623709 353975649
8 9
10260150 498226355 309794998 241065916 1303635 516337074 111977845 959878483
3 2
387046407 868807350 54729065
2 1
50148930 979849377
9 1
249908483 63172734 24626548 99091652 11003078 839251459 340246181 828113775 918023206
3 2
202576685 15728672 299586297
2 2
340169685 676305891
5 1
143339515 579087874 870389451 51010596 9109363
1 8
852354058
5 4
342409130 197339431 933652893 356109442 383418668
2 4
348358021 745478075
1 3
792150265
6 8
886968716 114314672 942143020 441198898 151912793 775154718
