12
2 10
915910727 162861505
8 9
846465385 230913028 336690542 909508522 404247520 535299606 250809071 348843852
10 9
894169840 643005589 489368902 546786585 428828359 775306435 228336358 535555239 159307951 504878406
6 8
24999360 861944546 709142991 426446950 664663569 895389679
2 3
4821502 812236904
5 2
192481133 150022661 709501088 403282679 797346081
3 3
580663674 265681808 308186473
7 9
3153256 845526128 18260399 387125207 269130577 414252983 693402809
1 1
367542309
10 9
266452754 596698904 545941954 962431504 252345759 814895065 130522722 669676531 635003362 362323375
1 8
975332489
1 6
39438048
