17
4 3
324132226 630550045 701847616 122522048
2 8
650647589 158470401
3 6
875758878 113008328 223478978
5 10
562593842 61131358 181697367 885315457 772601991
2 9
436001692 118179595
6 9
644838049 958404298 982528707 205896158 560230036 165366612
4 10
658131640 5448377 73100613 585859677
7 1
386496099 403881528 368127337 263153958 11940145 728943681 137687388
1 2
813048631
10 1
452272198 670959567 178331771 303935711 953020787 480331950 414638008 260719704 357851085 828334400
9 5
868756212 945700925 553929489 190352552 897603588 826142414 293921673 675349436 58944932
8 2
618942255 458818880 680626251 125094539 675778254 770431088 481028753 811811192
5 10
425123161 62570614 753398102 759964928 534734364
5 8
258912328 273506196 723195885 135269280 704774522
4 4
902188394 433387039 936913134 230876441
7 5
534567594 19944272 726250967 278162425 832870013 471684038 714082300
2 4
43471062 315964934
