69
1 9
423394439
2 4
893340620 830538653
2 10
580826379 249039275
6 6
931305186 932082447 574926783 474414104 853599434 96692241
3 2
644402183 905479049 188743866
5 4
188028022 700521965 176830536 67451196 128572345
4 7
103352119 956942946 663329121 788432342
8 5
330893635 971439891 726660798 695112276 878367283 938027922 858700713 550088734
9 9
259594778 107248668 80839157 707429019 857460506 226208399 686394788 951772222 480098965
8 3
759512230 516359679 231979169 114510268 582131528 554915331 800409903 524079100
1 4
890548830
6 6
12519477 49362724 674349731 858468457 710116489 884453546
4 2
943351883 172463792 906339607 891301570
8 4
153355469 396568135 889968297 585563614 972860446 321614599 208436630 855596473
2 7
716647174 239697844
8 8
777531675 81235308 995527139 672590989 395688104 323550706 901171489 453593045
3 5
734040983 428486796 828004726
2 7
340447011 68359880
2 3
917440401 504181839
2 9
503992178 61184532
2 1
931287008 383900371
3 9
996807775 428146310 588838997
3 4
169001168 634373617 655138225
3 9
759870014 20024800 45160702
8 7
331898533 628866508 218303517 901135732 506010262 468622299 410552012 570938341
1 5
636403955
6 3
695475391 77648883 333691802 341701892 756318110 340558678
2 8
174002340 287331611
7 5
655717384 564970122 645802721 872036025 486132194 271116260 452570432
7 8
793957331 893927865 147908477 590981252 914730324 989493503 641158469
6 1
668254156 58236747 498658815 718236157 346721080 862535561
6 10
305828238 87056161 420142485 678212863 537522197 754430207
1 8
361049022
8 1
663152569 995593381 45575539 465487423 669816099 837431048 154763058 253176863
9 2
949753782 220687652 390536901 884015415 95948015 681109158 428950436 620889890 810577929
7 3
24157704 387829112 585680677 513843046 400326717 61123303 401060480
5 1
138875974 363744762 911498548 331169363 394810036
4 1
689068421 364851257 304082962 806318861
7 9
562621607 941974869 941154225 628605714 732349970 221116141 868125861
10 9
520817503 354878606 280686663 798315906 471775191 928165158 579699301 242998577 260973685 871550705
5 1
486380466 531482543 373110621 527542056 574561099
5 7
824080520 680742024 617764031 637139758 211269276
6 3
399070779 208974893 291080900 635365522 371179663 898681073
9 5
697358576 821579851 318997132 100385949 276026132 825840223 746680716 187694400 784696786
1 7
671665053
8 1
396847478 12144428 799095445 938908656 678847351 216104270 673078188 566207740
5 7
557387054 356112673 634962694 769983415 754261301
8 4
127072559 25894549 239101823 147074849 540078791 124584730 62248156 811646015
4 10
38282394 786393329 576489411 995306082
4 10
219316168 567256376 276444421 955406612
3 1
479193676 799439779 42046656
10 4
100718133 270801849 967478851 76657566 86357909 259156494 414433340 777018672 810021721 906761992
8 3
329499967 473787763 648213337 293081741 658742339 454006936 851336569 584227457
10 10
183618001 133564909 561280768 886409077 371560578 500935427 931567459 186012416 504122552 455069257
6 8
974716376 444289864 347287766 890726840 138373366 146940400
8 6
746926437 169393933 419166439 620035800 174175649 281960797 514405207 441925187
7 4
921878922 479107308 910327073 934285857 297092484 877488798 872076598
2 3
428070201 739626123
8 10
145477386 732182042 934532023 50218438 741649422 864167593 620104607 754579262
9 7
247841559 315087980 750338915 559985179 929920806 23525756 282440926 163481648 112369372
5 3
309657469 522098001 91092414 836489407 26201268
2 7
800230835 796138146
3 7
161414276 75821465 826840091
6 5
974198594 479962456 408236724 271797754 616516636 543560872
10 8
161050333 550955558 794115105 877782249 17604719 233577660 391312296 16280040 55930957 207111396
10 9
179285025 795494949 893343174 36895256 396503617 817623201 772075768 857972236 116275222 855928735
9 4
992592259 677250532 847540168 950680043 410884702 285921106 561034185 907318456 551713323
7 2
625696234 91572901 529857197 275313151 433575064 313713608 585369864
8 9
497923355 540103371 479092137 827615292 594365645 214788638 136200833 470024948
