67
1 4
563022046
7 5
954015650 876032828 530293851 783808352 555314005 601302857 749741750
6 5
175343338 278503541 692987986 278794572 67554193 361299656
8 3
791397328 973713657 207060321 252764213 281073391 322795215 915920000 448071852
9 3
177190564 706443434 104844220 816271327 723545717 599786635 243045418 954346034 943224013
1 6
47239666
6 1
382608348 802248625 322986020 578111133 342095503 28450990
8 3
311547078 679400433 174442932 822133612 785602562 435121638 260800432 280543061
8 6
360290582 41576588 522500221 459128888 962488463 606881076 556342122 734896826
8 5
206916441 23491357 449544961 368664519 538967220 790327123 926707503 368732574
6 8
252915406 265733515 171591221 353845881 49694736 154325656
6 3
913902820 617623118 243731780 864171907 716337741 249955302
1 8
136604861
2 3
678861770 704610161
7 1
379439926 205283620 89943264 926994779 58087816 651755608 550784940
5 6
131578969 142647008 790946907 973441441 739122195
4 1
151810536 998939011 222339872 23128370
4 8
185985257 999614793 410873929 864732478
2 4
880035026 486713719
8 6
774834454 878462110 430261740 199206754 150751411 985141511 178259147 524178685
9 7
364449939 57498270 894292433 580585467 89075987 254425433 848159963 550315427 125718237
3 8
165649063 329848768 388616484
2 7
274801937 807009130
3 2
105087305 202407727 920227877
8 10
110805660 646215264 309981165 218992451 773676777 645901356 403035364 679205776
6 8
379547525 160090736 549123961 987919192 964239586 344646073
9 6
523225366 676225193 49722487 264872730 7226127 558606408 474126048 682106928 403749406
2 6
351386549 831647700
10 5
452554770 888949212 409939798 946331687 688974562 521615350 453001812 839888689 821060273 8407757
9 1
378890433 366076453 783251588 43874904 899245140 331398238 190249840 56851531 767342392
1 6
901452913
10 8
62845700 272778365 778272374 427647643 816177350 557738808 467364804 152385890 445736473 669052222
4 10
843506948 148304986 470442083 413285790
3 5
976070683 767791968 623169103
4 7
507405709 181077002 447410613 643464400
3 5
947602433 868769731 447682941
2 8
29248648 347184825
5 9
597744180 895659397 630196915 209820523 829286497
7 8
423431262 576707835 477924707 402056161 25612643 392192620 520743692
1 4
401329212
6 2
874572694 624021399 158741463 635342209 673667324 687914313
7 8
756303731 484895205 191827192 882964557 720641806 402461935 28885919
7 2
747601199 823071333 653695627 860332707 361744975 437318766 254652212
6 6
247470732 505609800 969339996 332197407 943287889 200103552
4 8
113984372 291804598 102312811 893147908
10 1
712954301 677979477 344189930 598354774 844021880 530442293 376865719 609213734 561322181 526323157
2 9
770905676 76462112
3 8
665490125 845112998 638781835
6 6
57371110 296727395 46811565 386051142 391536856 876109420
6 3
688116237 288420313 706121669 8482990 598187359 1696083
8 9
841743286 713381584 608558971 863357618 786302944 361761930 146364734 403100307
1 5
746427816
9 6
905323374 448861995 987137665 652938598 98751043 70399261 476663730 805802911 985188065
6 5
353639792 858793977 770961170 775328879 970605422 474458805
3 2
258598242 774738170 310206326
3 9
48665392 925197614 241283474
7 1
608547323 872806538 339154328 809745686 623242551 970142132 619504386
9 10
526643048 782782781 57505256 783944330 758845030 363655330 253757517 81818263 527195822
8 4
176731060 872005595 207102314 747421736 524561480 825701696 153569960 826484925
9 10
106673972 626460799 137122414 688229640 961564825 16791928 531210533 364132979 663336866
1 5
95646213
8 10
522191263 36823021 75327053 519482527 953735050 333392413 519051734 66926575
10 3
818169630 415957638 47594064 181644538 825293630 87420302 877891430 729836166 900590991 715890869
2 4
550983303 54803831
9 8
457266455 115046523 52913158 460412650 285355701 414022804 512705437 925285515 160626178
7 10
336137416 834524224 686924786 982141910 858991339 363559546 393055598
9 9
342003310 103420335 456577281 230119750 369834697 509101943 440028564 49263044 232969157
