81
7 5
931201581 987960753 53827340 35596443 820418401 223718746 770857936
7 7
2261676 573094754 465577542 42851019 360741101 916402748 436649309
1 9
435909723
6 1
858754531 820583555 521935734 602633348 604189485 540688420
1 3
91741743
7 10
795767981 529167579 486541116 756282096 65817321 263734691 475222313
7 5
805940835 48979482 683520619 9391055 348478772 324210013 133750593
5 10
152984402 21794360 822561722 628754174 925482396
4 1
741020425 165848519 189156447 306212497
8 5
405754186 488217959 411196685 972588743 637493838 67538805 162581217 216218579
8 1
317140449 552155327 142672970 253274071 804750117 261414111 678034649 719450445
4 7
912181205 158908520 696928589 240382651
3 1
438453939 475213493 245466901
4 1
837921252 947904322 120508563 84165805
7 7
826912213 805234358 196385947 160075535 649840316 90812357 514507221
4 9
354072145 729775596 607876117 295369272
8 7
45976224 904119601 688454974 740324427 640663740 79307431 378942701 677707507
3 1
704334502 631100115 510926925
2 6
374068808 879111972
6 1
458239171 974900239 438391054 385189017 833866261 57445042
10 3
374818263 342835031 672813863 465886863 634861473 768183050 998906683 653329889 750849103 560626353
2 1
150293525 993784783
4 6
196466155 824531835 892542509 276191467
8 3
312819813 989643529 472886340 788595258 293946783 338900253 600450379 103038346
10 9
783979216 832213378 504010904 440376593 768112778 139284954 198958405 471900594 24312247 309022478
5 1
253574941 440051839 739927164 220504526 657643667
3 5
845869988 753504039 553755322
1 7
161601377
9 4
202886034 524463954 214382297 967315964 686050739 222758266 989742659 751920546 445996976
10 9
929698626 714510694 103713159 9173222 416272486 82932919 857474198 735480018 684977422 143685797
4 1
112658541 643617082 405526345 226923430
9 3
742649248 18835445 514655565 715783302 73506530 273912178 107083058 508670312 727726471
3 1
326149519 824219146 53509090
8 8
508596477 888402624 109966993 432426420 117419778 724969971 492543840 415572810
7 10
634097231 128830197 48061072 854154704 821862716 500613141 731165167
7 2
371522821 152264265 637659554 473889950 440086199 7783021 466980350
7 7
89753499 325818416 688078145 293230743 860458770 864232403 320672222
7 9
648585154 950168240 280844640 919730197 366750877 672688947 405670455
4 10
51039962 93393375 35782808 261104465
7 7
284428286 475331290 60524467 781629049 10849652 848648550 280457655
10 6
677737271 363206123 551954921 290815999 982820489 531161272 877951314 999257825 931728503 72637650
3 5
550297357 102772142 465061665
6 5
288435731 745567051 704869338 637447273 35297099 749134904
8 6
661189458 100246203 430348690 778111628 319927290 484542660 416459559 803006954
10 2
137797092 513368372 460889612 863767682 936866912 978989557 441029389 142546234 28537776 619605919
9 8
357702570 318660385 600274284 443782162 677858757 586934271 298381989 580334000 547523683
1 7
409023214
6 9
325230832 439376113 929854603 391263809 315376727 306063944
4 10
819152518 160587983 190249154 200742747
6 10
515311648 978462354 871509297 607151964 929100839 485860227
1 2
168265860
10 9
294106583 819561953 743669362 564030519 673128136 913338552 772612601 505980359 267904565 593132944
7 8
636132660 815025848 31883771 961436259 211858489 616996652 417182855
1 9
325093636
9 1
289271966 907816414 984664853 870087684 940858595 430794762 744235043 852684512 980975618
9 4
666730089 52866976 527279266 903188696 182779401 703500084 292451110 906100596 470086142
4 6
588889906 184866634 353060919 387318046
6 4
329483475 811772480 824158476 863549358 32716618 117390587
2 10
16060755 976815275
4 3
220401143 36299451 38911901 135667158
7 9
289836505 32937427 248492891 719471281 527970007 237147491 832808651
5 3
23192891 445224837 107694796 42515112 607006390
7 3
799178758 664284291 503650929 26571810 736483704 545736040 471294574
10 5
821781019 83912497 697437168 892234195 104294206 517262119 906283467 250226430 867701193 553728304
1 6
418374539
8 6
416672940 869401198 750648719 423532753 818669303 558275838 282687473 618912177
1 2
638800672
1 6
437071166
6 8
842349585 162831472 743928130 261849196 779972097 555871304
4 1
29880052 716039664 770137464 634066009
10 1
978183842 927425102 432559687 318021976 48886033 14136702 322411754 717228778 648017991 504707813
4 1
345652357 913113490 587927260 57310620
3 8
718051333 40695961 126890982
7 8
852364193 964749324 455448903 74274207 38251918 804896107 527720117
6 7
973927730 85813870 166216577 383768234 76607672 803983471
3 8
670995037 315763388 502580080
6 10
607811987 950428078 534000177 660132112 63549822 173030081
6 3
518923205 217065619 7122289 17804748 4203119 329740206
8 5
229936848 277732639 546078979 615854430 219369281 194385134 169688415 901908723
2 3
31329830 464129148
9 9
215937301 548727599 603811953 197407656 820329277 788494743 433719493 93160710 322778004
