49
2 1
245183540 65559884
9 5
686303296 62407329 825805455 722955467 132753572 240175091 454846811 151120681 866249965
7 1
650975820 328380771 125107461 301950765 956426708 526645697 104897660
3 7
774182115 646035591 600525523
5 9
70359415 359433202 829931664 56539306 986403433
2 7
27240228 590328834
8 5
855867346 366764124 217593694 922970789 480451454 670801839 375056919 551182502
9 3
448471668 480961969 270687210 684604901 299124584 663474812 797421507 20893000 811710542
3 10
888979386 791033149 795437567
7 2
51147235 516548651 992697659 565643947 469501458 420841863 35971479
2 5
261391906 699889991
8 6
900737720 488931800 379394002 124315708 396816 454385093 861532301 585410420
2 3
835511141 300077633
8 4
988221208 986954874 968683937 782660630 741715232 718911979 727018889 676722133
6 4
495124463 626964604 121858485 877101775 505347128 646428372
2 5
21203940 559759271
8 10
961622167 721155127 452752161 206170298 614490281 751695152 349116460 528610214
9 9
700747196 229993397 766787544 509916196 849275133 491270518 68415610 691479513 127259113
4 6
838930956 420132703 807654081 156019373
6 3
79690698 487200542 572914040 310575758 714810804 82545555
1 5
848032974
6 8
811199295 727067040 608582923 337752611 33696883 635361011
9 1
806478030 88760778 966847301 885694278 854244302 326321856 96513372 690505626 56464774
8 6
254139151 661800014 921308807 361560373 879550942 710293187 628024768 46070282
8 9
360265413 175139735 635074651 95917036 213944910 420112244 55811429 461056134
9 10
774576026 93424429 28552397 409536183 382827117 266673955 78567047 272736684 918037927
4 4
408893657 268611677 406108857 286950260
4 10
148730660 570772948 776967277 704890297
6 7
163213741 454166328 399064001 960530383 101896398 683347546
3 10
90220699 126153970 850587618
6 8
631657212 491789613 597563998 317669083 982684766 414293192
10 9
800897001 510529535 554200900 487001332 587823335 177105102 399014516 373211891 202968059 776557183
6 9
962489581 67752643 870667908 728529900 416211434 868865909
10 5
443396942 848895485 88249148 985999216 240597030 752391424 906734272 617553459 267239965 457793889
8 5
614961924 420533529 478906600 786701201 304631792 824349715 175372148 272691221
6 5
587454374 556779066 359705658 756836643 282417659 432028981
7 9
49201061 83435244 622620835 180890031 858463915 128482519 813963073
10 8
510884479 267893524 741104159 784840660 561204962 728542621 650399032 492828496 931316856 983440068
1 3
169930081
2 1
811242801 36894631
8 8
880753370 958427215 975944583 824758875 316798634 104553150 640164874 401740037
1 3
469898540
7 9
395518895 665888247 52181872 647423274 421877412 242336540 533514375
8 10
157288808 53691345 975894787 749570531 860462531 16254518 238238566 976583602
2 3
925662081 157712384
7 6
54216389 113726325 555813256 227881442 972383303 967896982 586976669
5 3
830549418 228517883 45614358 587633009 125859800
2 4
86025763 890094414
8 9
968343978 605427150 173614470 793377329 550632086 367532682 716042828 788850068
