21
8 2
682673321 772053377 932536637 866601436 415299901 744451194 958337530 56551149
1 8
583958840
2 7
659167449 265540481
6 9
465847087 543129422 314727901 707224974 625980603 105560103
10 7
46377547 808761993 236266844 969146138 185701667 114740441 687506245 280799524 997646463 577426991
3 8
89155746 621993014 372415579
8 1
499768176 263364903 491847441 635843416 250670561 771748236 368409268 811385508
3 6
53504532 671436056 694360002
9 5
724570136 569045232 534410010 256809701 942906051 265541361 348036090 861118567 329837099
1 5
791273779
8 6
628701366 220596458 997824204 406395620 771810687 584134354 826356258 766672611
7 1
728976889 198136158 417209086 384594368 422376040 272880141 712720915
10 6
754533547 883066348 410595053 158170177 70015702 777415943 29645102 834367713 607690273 254666408
2 9
209993430 245115136
3 1
60681064 717282637 234773616
9 2
764861585 382626722 52045121 349407709 131483068 41540171 204659908 29116789 731145460
10 10
732266372 82618165 62460827 970092812 356872611 677193945 485862600 26610243 977966764 447164941
4 3
701226733 172668202 890730680 998246024
10 6
846137894 723377406 354206685 543325022 488765593 633699347 812637742 665803357 83572748 763081180
7 2
898628107 959425123 340554246 862242334 666854315 919063060 417824609
6 9
225631263 680478052 520875255 667961550 993701474 843211929
