39
7 9
27490877 309424678 722921947 769658733 290333724 176675475 120848774
8 7
779546880 818077328 868637787 609736426 524175993 656162524 888657176 550495081
9 5
703555019 750165908 856607365 423218146 185895689 225849293 488650949 225045399 670677974
7 8
130863802 851545091 401737497 935936288 924247274 960237692 124257800
6 8
989928315 381053782 592362859 644865581 954246489 872428296
1 1
877205087
5 1
567950168 283606802 868164781 214881717 469599004
6 10
848340926 715443616 545698159 651628888 63714443 476954536
2 2
407590280 707845292
1 2
132090630
5 10
566926477 690283241 526192486 565596540 680111219
8 10
526531813 861752027 353928146 797592349 933260090 965195619 122904743 375969063
3 5
802040571 523521992 405575169
1 5
444511345
9 8
213133019 736158177 770568152 894000447 703096432 127057232 640687954 20624256 422650746
3 9
556803803 782891958 218856668
5 4
206212301 740803439 394639513 66513572 785286677
2 8
496178486 924085901
8 10
908204025 160354057 313525793 978995530 639719353 727947843 623285470 885884623
2 9
295444668 347797896
1 3
26370819
6 6
92399053 296494509 443943361 994587038 953939933 173873336
5 3
232354856 896832752 524446205 28718783 290591008
8 3
66989052 781150364 650712461 13966870 890389442 430872966 392792560 657143644
8 3
354105063 300018520 367911056 752488258 315059343 854360186 154090372 206520504
3 2
463011492 724742393 200645930
8 4
152365340 732504005 300084858 456049926 377177166 636068516 427545306 451223501
4 6
512319957 85762962 238263184 640988349
1 7
548487001
1 10
622295707
5 6
217604708 18880074 584773934 506712723 484819256
3 4
469949628 192858011 456041373
5 1
203982572 784913820 146609358 980807111 560520018
9 3
377458641 600915529 61170996 208729564 813711779 303151760 172432116 580145074 893621690
6 2
996625841 256874134 582402763 179396166 379585233 892816945
5 3
887678846 16735769 614092998 378256499 199455779
1 4
738790259
3 7
512721385 349208937 820994127
1 7
931819207
