25
3 8
98319416 809997068 459462728
2 3
917112102 871671651
5 7
868003069 382624808 792490381 887092052 425870057
1 3
197846117
10 4
644457026 497893961 199612694 927782891 324405336 194797875 567323111 188135747 282475759 520887249
1 5
918474216
9 7
429180958 21564482 644689584 109650173 359890169 957081149 861723389 136117715 844039287
1 8
804405644
6 5
92185544 949888455 392768298 620908015 188926406 24291868
10 3
35934066 979663426 739776510 612532173 516973913 428906494 675806708 310405749 570870901 730928529
7 8
439249157 36042213 223742498 94958106 396598457 964102514 142792357
10 5
936094733 623555928 618844611 848812664 354727135 682303211 284955369 37216812 939213186 547206691
8 9
669917128 338294271 376320609 465247002 235474033 702995590 281323473 261437715
5 4
410319490 347945970 391123775 547366935 652431572
5 3
329314784 598175044 72261299 633326412 262445061
2 1
413270549 990043923
5 9
764357749 15048696 981520653 985318396 876972527
3 7
620286481 418466102 654705741
9 5
964063308 166818616 158986345 277155865 939004354 110622722 856280634 364938343 438145141
1 3
239391637
3 3
765754610 778200373 726508548
10 4
969123876 427316720 705753237 296734197 791573033 501788338 214370861 406519997 469029873 170316342
5 3
931383522 44754972 719448936 7329444 271097314
6 1
609075269 158560239 151191362 141778729 966489862 333205433
10 6
204377093 292837041 31129071 572628660 396565063 966383400 157516025 636203927 188196803 920419920
