98
5 5
301531892 483731767 857988932 976648032 911065047
4 4
666973100 218191757 250528739 674195498
8 10
474763079 761979641 448697714 697886794 593068403 335741884 750590112 994557467
10 7
11366440 310872617 989562605 545224944 529160157 722572471 833475928 834034009 500593309 995694005
1 3
695671185
8 1
497124030 356957950 298526643 975408533 190407390 213533739 932972252 669842265
3 7
433267058 216938229 818949336
3 9
112877773 768918683 852260245
1 3
85297104
10 2
268374638 116074443 657718615 461822783 382689138 197616348 220429421 832327281 662546378 540822779
3 5
969220150 982987420 371938012
2 5
63872206 861730783
8 1
999679857 704938888 220439066 820669768 494450174 417071992 56577210 369721610
5 1
296182142 174868631 684134122 708143668 789136790
4 8
723376651 927778243 991154814 715200108
7 1
328241850 258353969 71253355 404366672 454106207 328091330 883218210
9 2
506975670 914550546 147545641 595389467 669697007 73480106 362837742 110065383 64728604
8 6
476528920 65338512 978959979 919544704 754626009 819826970 834616691 644936484
4 1
809321772 263603065 834515685 728367903
7 1
557591398 601564679 772410928 118523222 448639870 937695334 351532182
10 6
800320826 43644737 844730529 357030502 657993632 509592085 441002952 144089334 805218497 307814781
7 1
161512579 871306701 266288738 545849122 383062320 41432042 685057274
9 5
748365331 451121267 662548437 111649248 761266474 141126914 614767487 94547083 76157953
7 7
303481437 990973072 666855544 873418272 217242874 612787473 95202899
10 1
522888094 691952341 714574674 916595566 595877097 163264750 579398954 592151946 572029794 596537529
1 5
165769475
8 9
853286619 109050087 524697951 987879546 222293554 366228090 419369380 34982147
7 3
782496129 156435268 919288176 263875567 925501936 340008808 462210527
7 4
181937898 836683962 766990726 945679438 32785754 801811714 39196649
4 9
563526462 636058677 850709260 277967576
8 10
863574438 87950463 949967390 761838163 787300781 820674854 236694549 153279828
5 9
704444500 689295196 512590951 733630022 659562189
9 8
846712941 318923448 370756911 339904219 508384464 674028461 790279666 927264113 871821475
5 3
465212612 660116744 210544207 516438870 187037247
5 3
490411943 694600523 238835743 830370448 734462745
8 9
498319416 865449730 722256261 564621877 356659710 464528397 294518378 250329888
8 1
514223941 990831127 791056749 241607649 897816821 820858283 494585639 314134788
1 10
568333933
7 5
418567376 961355816 83742019 446085310 598830112 403520614 635901845
9 1
318337392 410358126 203854926 238764068 241591535 696406738 275795038 553787636 796018879
10 2
193324298 167354699 63056129 531170506 787091639 129887759 333115640 797768767 463203549 168803596
5 7
582537496 855951184 385257413 508685466 710894031
9 6
867539399 438030214 918483782 403568596 728992458 439203417 270670614 128006847 494597059
5 2
60223143 533445795 883579575 405762362 376438036
10 7
958041541 299640626 615243883 795142183 964933664 853904510 836964982 8807272 450234314 879933513
6 9
199397581 931143483 97590385 18167280 882482640 289736839
5 4
323868766 514139119 771109228 539184637 97532370
4 4
188161435 233770562 896148925 761942657
4 8
410513557 518338695 49840590 999514915
1 5
295026455
7 10
519398696 650541161 489038449 390670718 780165161 691895282 464930598
9 4
562313530 553483770 802212003 781423745 504208170 671348867 733972738 87659255 735946242
5 3
933737835 860712455 285205932 869176395 227726134
4 4
524277118 312774678 475799918 293240197
1 7
4314439
1 8
939114240
7 5
943074313 219353929 875046883 781432145 869002670 734140353 860496336
4 7
976980768 606462191 901132812 920117600
8 2
23707934 373168195 77091678 927797026 431466999 406200796 514780935 429985365
4 8
614603130 663506408 448385171 369527844
8 2
647337707 251827811 104547515 944569033 95479578 490785125 809677050 196710596
9 1
845858420 654970607 2871625 32111570 468426195 909794035 426777471 536226097 477555004
6 1
947276447 637613247 802524190 645310693 861692856 402588460
6 10
656090906 509421364 978379526 236132347 831042235 609938455
9 8
692670687 273412168 979905889 946279784 614905119 792025389 236407368 298604304 167343833
3 3
895323474 185166006 652547862
4 4
635492187 973033840 52381165 156792096
5 9
427719551 66216215 966607479 160735395 85703979
7 5
907118710 536532616 291891774 918118085 993900471 452499614 81004782
8 1
561649104 721581849 393964039 242718060 453500070 448284489 117327804 448571913
5 5
965044073 816749474 801700052 836975778 982385759
6 9
91941114 606905213 52043962 965760943 68301411 630937994
7 5
91918026 258705964 721702125 433811576 659248127 699131925 965102286
6 4
206978297 398976454 666673544 757128863 148458038 248005665
6 7
617526555 703579461 319901852 644125541 796847058 692303440
9 9
967018155 162516813 650513466 723841537 373952739 537736955 834593425 416473922 419706518
5 3
120271381 480124842 694352222 542635775 331728168
2 3
893568084 237287403
6 2
279142063 698711192 964112514 833921402 349800436 212953993
8 3
492034780 87292530 579700034 605466729 97526607 666123133 922916478 710003557
5 10
51300196 664052996 800984864 740999450 758521436
6 4
897402977 919377400 41533382 595480146 761147941 501158380
9 3
53118833 92716582 280376162 192069622 107063979 290295901 793471181 360028998 117889486
6 1
379253718 396066551 71892765 495147071 177347802 832720710
1 4
542952625
6 3
332426129 332342847 27528102 372977234 809248871 191034606
3 7
608057235 788076651 757743711
5 10
680101537 131211221 417900361 298904042 241870085
7 10
894731720 643525930 771918711 10869211 263749262 891523528 181478195
10 2
389450832 364178065 235881586 499921063 964636071 509205662 133957847 67386376 225151570 311827119
2 8
377319580 320617140
1 3
865389332
7 6
622303221 10783005 715761818 90945155 470866683 921974373 803975694
3 8
437343861 970175262 172976360
5 2
603424334 191124194 670979971 863782381 606787848
10 9
940106371 432841922 338159026 26905410 866542460 384397811 953237622 489568262 169616152 989267135
8 6
173250098 893153373 312054660 207954351 11850584 485889047 512284141 272509599
7 7
430355488 274037630 797907891 973283762 239025902 838197637 627243855
