50
10 7
571662571 291057937 430837146 993720793 385853747 781746573 374366950 152356406 648729762 877961620
5 4
781775503 196290337 530951447 699867714 315413350
8 3
726477202 308172761 446732515 503857921 446337603 694813292 854263371 262684075
5 5
99526210 446716163 595751262 432832212 662579660
4 10
502929623 11876158 873808029 140865453
6 8
209985670 61375318 776729255 152916357 588704133 108849797
10 6
969719533 628886299 284396931 684410410 509771059 700336017 443919047 409877614 457531126 382635358
10 2
729872825 318863130 16988975 249881672 702719516 623805192 76478656 539550671 940090017 501188377
8 9
845885950 43269554 158737618 761486353 820820246 935479289 639735398 902519490
7 3
934005620 408938861 783321311 79870296 66110713 149956519 936218883
9 7
25170615 143908872 426867438 724848866 947877672 844984759 763459695 714882732 515488951
8 8
29684431 97689309 304679285 895354763 995537113 345806866 971725764 413623184
6 4
941482353 142553882 794515277 84790274 411841501 955865588
10 7
481240815 460730062 963227845 918397023 621265319 959381668 790966113 579052767 70484868 511380854
9 2
78278196 239586737 878911954 419223245 407321523 816074854 741061274 730130155 906607329
3 2
218299927 3861157 210081004
1 3
915858294
3 2
390251321 137036778 520741767
7 9
323528710 130210717 289664088 491578402 705426302 87052443 990494145
2 5
985474617 941124598
4 3
830516463 267084784 897554108 790831380
3 9
480637921 41859004 42174759
2 8
458542225 898113133
4 8
628661196 506450877 48394169 822765212
4 2
372990562 143385100 382770806 786831653
4 9
236632356 281467980 855850170 700777866
4 4
581741523 620269825 521955669 25214025
2 7
165399803 497057026
7 7
587909788 586288264 892052786 129206479 740740417 252810914 390196292
3 6
573984026 327868808 456534669
5 7
517969706 983534746 329646134 220935548 863026817
2 10
501527909 435288017
4 8
818781845 778252048 915951715 838739284
9 5
215209714 93777141 61604021 931656787 229005842 675382732 439422251 960851840 741406877
4 2
342335500 392401358 7781230 71017151
6 8
730782713 999939972 257758326 900480865 758676424 670204338
9 4
995057795 854495588 497628671 100137281 686297370 401290370 699534846 119796208 735668662
4 10
88630049 506250498 641958072 86762953
2 10
936874172 141058435
6 7
44943832 41628789 35206957 137929594 466044444 621077241
5 6
897568037 973025880 417500307 665763303 732244761
1 6
129391667
1 7
102738656
2 8
716432238 43045060
3 7
656763360 949313134 984457028
9 10
367159767 775838651 748597966 805162258 277190709 421511185 961532603 115472733 87266952
8 8
374002853 358964672 607518254 657417387 251303766 745870746 528756940 62022548
9 4
189529978 350819113 703131163 389695706 181946931 932446739 944738006 283705456 473479499
5 3
52038234 654840954 90161031 802181163 232979131
8 2
951476652 47239632 513054519 557684551 913630353 270667306 272417583 491385378
