19
9 7
638493918 229694534 800587101 483033109 779271866 792608425 942002134 78409302 473093550
7 7
368868756 428008764 421184200 751215206 973275214 666085577 580445672
4 5
825376103 186532899 338698534 586225699
7 10
205916339 838156711 645962392 819156437 787493756 891827927 874765790
4 4
89311352 280814796 868440323 227662994
4 10
209483829 209286133 258067223 122317311
4 2
881972773 2900259 822661410 326112361
4 1
407415278 144531895 305593644 8464689
10 10
352266339 224506590 521106316 860789758 637086527 319082466 692991810 168930547 994805304 822202830
7 10
307132324 12258938 652117573 734195512 709734650 551246158 89073236
9 8
941613876 739121598 98215379 86984175 436733288 810937488 341343767 516884474 306582226
7 1
857078474 249956377 977338385 804302926 804259023 917357716 325954392
8 1
906976194 73143435 55741621 452066129 584410628 274588652 650129000 783257489
2 2
404335542 597313463
1 1
990960836
1 8
475241833
7 7
261132705 607581838 13666610 107264124 160091721 86199949 690734749
3 7
816958721 116871635 937897374
2 2
378798600 777954314
