15
10 4
2939890 438777618 846970619 185684570 530049058 254894450 40271811 676046595 624542570 669748543
4 10
115280330 639317590 3389338 528243582
1 10
860039565
8 7
349347915 61184744 310904100 392067566 194474442 723862877 311977694 815757692
2 10
909689842 569068383
7 1
556235616 823745964 432487952 92348036 544874874 755351536 638919276
5 4
713371925 483214356 814052324 895291918 711662533
7 7
200909181 576616805 354800496 132865195 930873197 67649980 13991052
7 2
932308035 17954236 771461050 964119972 683787272 802217038 875587351
10 3
519617133 734929548 645684900 541112026 844246091 871372453 568838584 442140401 756691606 351685295
9 5
622182011 186535349 280044479 140333376 271500529 325049512 220785545 477474013 668064159
10 10
142053351 388557519 606073555 818680694 451926782 463628734 893050998 534586867 242479443 44338070
1 7
445367327
10 7
841676661 635745593 283835583 603212687 140008356 241444685 619859999 340097849 106721439 179230056
8 6
300193244 195807319 522320638 637534946 666969531 607428300 771213213 408238055
