70
1 8
566816680
7 9
440001414 371703142 830780334 689012861 227866808 716855849 735187542
3 10
565330804 616652261 561273932
9 3
45930373 409906542 825482241 455855747 417910289 612551526 927397397 231970514 668539728
7 10
113226097 399009266 992024056 709785151 317467466 438682376 888631038
1 10
444382532
6 5
889641562 260099330 17231305 768798251 493594969 594015002
4 5
632115163 155851643 153991885 821786458
4 8
553844219 380088884 326345276 931425674
3 1
361088265 973416956 32054728
9 1
305018054 629538128 733013158 662028541 716561463 303372142 301957419 136040402 390016196
10 1
114020678 566041191 52970493 683413257 872848949 884805125 853511400 220654417 655762094 288711578
8 2
334073949 53807932 214806287 253771970 427883038 623018521 817515569 375523099
1 5
334497726
5 7
323010981 414134671 469333286 389346182 317265892
4 1
60638666 447982980 401318040 747024668
7 10
796117313 652128184 210305272 262152459 170535595 681353937 92133478
6 3
644796553 855088359 623642574 719125761 911244172 35937931
1 8
292314044
7 6
815133207 431060879 696359822 270778031 682738190 238126585 767229610
1 7
27146250
1 4
369029104
9 10
791622774 497172066 613773228 838571750 922278817 452749465 259720457 710623130 632240477
6 7
279830054 522577594 392867311 686405475 797180562 517648247
9 1
801816121 403001548 639994736 675694027 835998158 384173248 416898270 941557199 827977921
1 10
165454147
3 8
810612052 60464095 218353405
2 6
508245071 542535079
8 2
283916427 112654638 602159135 867228114 858494830 976000520 362377309 837594662
2 8
415385090 765332428
2 1
871199739 577779912
3 3
436641334 872490161 628380296
4 8
643330146 674788403 896786361 469683198
9 7
778636868 138628574 167223232 385918338 211568214 192415972 783379171 424400659 870433239
6 7
893150103 316051282 538461591 331031500 228074524 92281201
6 5
321438620 991906806 952674958 957637212 240244880 703923785
1 2
224137085
9 3
802503793 484977951 349632383 756470880 413966766 714580048 286700864 632888074 786629490
9 2
330859727 309646550 824289746 237016625 136283593 211144680 208986340 806338615 940676851
10 6
66310442 111305788 202530233 731485380 912187168 461677549 414263714 387877759 699651137 591640570
10 8
530183690 455830462 230274323 331522846 87273067 814669750 719891118 941171493 803087829 768440288
2 2
116703779 997519189
7 5
668065924 370878344 64136594 33964246 227902961 924690172 948401543
4 8
480441105 920690138 879539580 281820032
6 6
356949681 179481998 578189155 49525137 244664611 734760580
9 6
323980850 540934277 577169285 7453836 263979341 697369559 184234719 441920973 950896321
9 10
218336666 9124111 678614700 874647407 155366693 639621209 791682415 502202544 64359632
5 2
417982167 605989991 104150859 263452969 490661906
6 2
472054318 882407880 220928574 315195164 161673333 322363590
10 1
96546315 750614506 473474583 457829112 266226663 367415036 971826051 621916612 25529860 680154695
10 7
830708366 560248062 594693075 468598128 496802318 443860501 229264380 889589584 228253142 565323862
3 9
38237440 110169319 929479677
10 1
773975079 6925938 583079013 659340288 448688238 813045428 31764339 361003323 317218407 509097520
7 6
291555973 980788696 48115715 51665721 801018621 645829331 338492627
9 4
156767924 549091664 642864733 376678962 258969384 84144609 779681733 46945334 76234315
5 4
71511402 496137127 296085566 67730087 834513758
1 7
916144323
10 8
507555146 897105842 42220 422653968 459640527 590248479 150735555 905583832 301052686 642749700
5 7
65957533 124652610 705558956 61017686 518331223
1 2
431631999
1 5
309267779
7 3
265710701 704230470 577403479 927192090 517103950 978907706 391552896
2 10
599428623 305024013
2 5
782212022 767343010
10 9
261354698 672852625 948793323 732782981 408140565 464279904 654869355 332181919 315512693 383022132
3 9
93845020 160611313 212267031
3 4
397748197 202467317 691449497
2 9
583871779 282091751
3 2
748931051 135721561 136469652
2 1
985478231 249032015
