79
2 7
561074622 826506133
4 4
957656637 69172127 49931889 427696062
7 9
51551090 605172651 833536901 974926383 946836822 519708126 603222520
8 2
866380255 495880319 872020290 754738205 444433289 209988276 679819094 131472923
3 3
822038451 592687472 72391405
1 10
189915815
10 1
265170856 614330774 273524049 319401275 714281834 708922403 900811333 32846735 751869782 697184946
8 10
800539676 446206116 782017272 410771991 69466150 29490494 782784666 127933755
4 9
317955075 8833722 857689910 539383827
7 1
596775996 997014088 191633658 707914074 581956090 60887726 277779140
1 5
428955374
1 8
966461882
1 8
322395679
4 6
782343687 519936028 322347691 40085276
10 7
849243369 700021919 156212820 722196032 472557202 929865346 234879243 702670527 952352070 995067129
10 3
313416306 358514337 923459076 385569030 404906303 29261937 31310951 761199390 47604978 560129508
6 1
212682169 304516238 852190058 413338221 831774891 526629667
9 6
893954053 476017407 263937194 96505031 624024258 593290620 876395968 274169332 924931547
5 4
200910116 663680007 869848941 836635823 724900258
8 1
912530673 813530366 268414203 612675666 352363253 440975918 363703450 178654683
1 6
320819039
10 7
711250302 231894907 725174101 319054815 360813583 803054128 43037172 327726130 147079092 459633701
10 10
108065007 514487286 560121982 248719018 412712889 987948861 271284098 625991125 493832647 301367033
7 6
188422177 449563692 487871294 932943208 512089909 809106321 325477890
6 1
263839729 427962629 487395111 363175541 197081182 972123479
2 7
397959142 196746551
8 7
516252240 823541758 474920973 622257445 618015286 200030205 556057844 280084725
2 10
195176188 260435584
1 10
784162651
4 6
99798768 798594056 586785392 66773143
10 6
948742311 103364361 18755727 221326893 351462963 913831381 802654905 511056885 733096914 531004642
1 9
793281773
2 2
659350725 765360961
5 3
10020801 335532470 75435077 285587190 314843876
8 3
513859410 69253231 19945053 213895652 993246478 989455221 198634339 663979160
6 10
370873191 109318021 97383802 113515051 287741745 692089768
7 3
994414575 370687282 884926014 149266834 5201472 888927922 196292158
9 6
163471663 944928775 792579915 939417556 77327716 639118646 838148630 973505586 441362414
7 7
877795451 13780690 211752043 341502375 603967356 946583097 298041424
8 8
748097939 815713652 851800126 684314473 845677062 648915115 915271095 78813041
3 8
466828548 3773360 892347679
9 3
155563716 451538624 957670962 716670028 77299074 387589109 110430898 9589915 467430836
2 2
325805843 398965921
2 7
39695015 690193858
2 2
616179871 874934239
8 5
628259448 60199723 646813947 727260805 406931693 662607534 436733543 672654763
2 2
798258061 949211822
4 1
661073245 536272356 94178343 115190812
8 10
364892251 851791395 7785997 556772027 916143356 299850000 985327040 916908188
7 8
785344106 780055218 962968327 470560732 849248841 147855560 280390655
9 7
165739756 4097714 828849236 374442668 569548352 785946278 674069914 765142249 189942135
2 2
566741941 880060861
1 9
896867234
5 4
204023984 610747944 814288104 815398037 463431721
4 4
219704038 145553719 261170652 956192845
9 6
444944702 680635684 798345087 312620957 322613838 754861946 357430610 959253737 986402022
1 4
123453508
3 7
587419768 210713570 551091176
5 2
472476154 663256285 719610681 614993592 387917486
5 4
110496682 728461694 757665391 48514419 808590065
2 9
448747355 242243135
2 6
280241618 395678617
2 9
808010258 340722423
7 10
102443658 698551372 965760567 249824150 9855068 41410915 693412436
5 3
493177904 629582929 20838969 249577551 885511156
6 8
681459320 182374084 238301826 795750221 965274129 197682056
4 2
169314586 187798611 274122015 389443119
10 7
455033038 601699750 88062499 413014582 904924174 379595604 188227658 612713378 499491392 681592621
3 4
281512453 808846265 903980489
8 5
730522257 767558255 166203119 345434043 84686523 850016985 748202604 269891883
9 10
811267107 564007647 200465306 346285940 842597600 26529835 948818905 555139825 309917885
4 2
258949980 75490658 482632953 629180073
3 6
975949055 538630404 292017469
6 8
971493563 919134745 289932285 130101683 831482759 615308675
8 5
501678 617438058 476267140 500922625 921080254 30950553 774140644 568722356
7 9
487519074 460211823 324445202 490258958 582195001 609713892 142748402
5 1
574626927 777031169 907660790 928842250 187149061
1 8
104984478
8 7
262583577 688905825 693008441 922622273 922709060 994067727 183067311 309226907
