32
8 5
648574867 699386626 340679788 301617154 186637527 203308483 65923374 774651846
2 5
941158290 738900953
5 8
755862471 228800850 994439638 640207279 612158470
3 6
322133024 499636676 887383060
2 6
815906108 232036855
1 1
277341587
8 9
650409873 686839127 528421498 917774703 559253385 817507361 251032351 582399450
10 4
499428589 190422334 907804963 920832581 478677071 75480972 417721326 247389545 764819106 299561867
7 7
391588314 662942517 862468251 971963157 904411722 72849059 432251463
9 2
519194026 105179341 592630748 338958197 471582750 264772409 702117858 103046824 744248387
9 9
982332895 285752320 172033408 799783502 653167005 77078807 936290826 940262495 212789428
2 9
417263473 52903362
3 3
569938385 525610200 860156101
7 10
692979039 898327383 157021856 310367171 553319903 865204759 563780457
2 4
367738614 279770061
2 9
685456357 124122111
6 3
858649580 405735472 824318372 177931078 723533494 85800594
1 1
671167619
10 5
109188886 430753423 572245202 814365622 525929586 533784268 779241668 488388560 357343936 604455542
5 7
619777074 232967873 370377014 501298775 695982985
1 3
929828526
2 10
973679226 474112364
4 9
184458507 124288857 47216059 550909738
1 6
7333372
10 3
641451657 170617976 765040906 438148354 688198465 375032831 398287570 779394006 692274157 65969747
1 5
682208778
7 10
856456319 508663732 924483277 986802223 236306738 865010321 648881376
10 5
780172411 450332158 387642655 374772390 276274619 869447175 39783615 813167816 979925695 847200798
4 3
804817681 44538464 622900113 314999154
2 9
310963708 572986485
4 2
601448880 470829289 478324287 925602394
2 6
545886497 874946860
