73
3 2
940067429 505795466 209435302
1 6
436114300
1 10
44374173
7 10
205261460 45236260 272878325 504275944 778638598 116202663 976073961
10 10
744432724 113232461 621368286 474166568 321909645 524433060 854907277 552669299 871253200 439245668
7 5
365757197 278622459 438327441 316668273 817105485 367858626 627427522
6 6
931461777 848631441 80829437 673185495 716641658 684284346
1 2
393172702
1 5
887720878
1 5
85672023
5 2
631297959 327376072 193313646 534006588 140916575
2 5
767708190 240129698
7 6
185685491 456442240 647708468 812034603 801886186 94702006 804412332
7 7
277410264 408669449 975235880 750885902 491763537 868878456 939427419
7 5
461697350 421751524 36397722 756471485 106662898 406780948 854776958
10 9
392447447 856611866 393012747 858661071 284402903 680847372 921523744 333587062 75880907 554928533
10 1
905810487 374043688 828123677 230716848 167006289 180418086 401250385 871968806 515320176 997537322
1 6
153488370
6 2
557723756 975981735 119150000 324849789 862572205 218774380
2 2
348674128 898489611
10 1
619221301 496302228 785754163 62303576 158526558 882363347 635678548 100904204 209594798 96984947
6 10
160862643 122192979 292528320 505860009 810571269 517560551
6 7
22684247 90066167 380702821 958758337 877567085 184566095
3 1
438202064 121841222 112028893
5 8
146366974 509092835 440597279 148710990 911110107
7 9
51551467 816441009 282845562 956598279 731263298 198503955 707252865
4 8
236587627 382889486 702087989 168689656
2 3
325405936 483268404
3 1
785413376 990205469 835550515
3 9
76710956 877809371 287497453
4 7
653782045 215350198 609839356 294963485
2 4
218472129 385993150
6 1
662118241 738354916 279889997 80753156 614845339 36771552
1 1
132562736
8 1
677177618 246148171 400198249 449855876 387265100 778983809 474496205 342880643
8 6
213005647 660724420 579061293 331091327 606763928 884237511 775208613 906786535
1 8
84652157
9 2
135604431 427211902 181444817 903837405 299967339 762218618 975249001 226854379 573669103
7 9
844082505 941185690 115033252 447380010 895027158 542826868 49192045
10 4
78309858 215203399 879720754 501911354 372116363 155863442 174739787 256896127 413042646 504288059
10 4
866822508 829616809 494900487 1454639 994929744 36517280 643956054 998184703 817767508 735813163
1 1
651608581
10 4
768408118 916741197 286340729 702028046 654271522 149992227 140622460 323630128 958944867 344259538
3 5
594601126 961080167 585840254
9 3
763806856 376451490 771028444 630427048 846214389 623153611 272769584 554724954 872545552
2 7
813211790 624759752
3 5
288879306 171142302 637335995
5 9
895562410 628821599 351749426 178756735 805774135
1 2
186963129
4 4
910584706 695537334 139552757 898416187
3 7
682491516 679455419 59658805
7 3
431855894 80825545 793075717 34677201 508594385 946182251 788380300
7 4
514525262 471007316 709398808 102398390 198297086 40913516 47322853
8 1
453302654 44507443 613607976 328383492 204059101 917156246 336901477 581426431
2 5
736212628 911432398
7 6
59466921 168787339 345912111 336328471 703248179 985494324 932207215
3 9
270235786 244791474 869874899
6 2
232646463 147839664 394132665 186724009 774125533 754825980
5 2
825120524 126372812 413757040 435652682 439374924
5 2
453086374 281783284 64972200 231454137 605217954
7 6
283297176 184477433 454375929 526379744 255625045 645581941 791705468
4 8
887794720 845809997 397436904 614739687
1 5
378319982
1 9
991531348
9 4
579636987 145128893 209117359 564738626 354431755 667132512 259352881 948131190 401405977
5 2
29003576 215459393 799769145 194218855 616444846
9 9
332062461 954130681 820794914 27967879 209563744 154994953 760326024 578169360 794094737
5 3
26929323 914804795 267867962 309929863 312624917
6 10
19686293 643727311 521706826 204364418 838574832 473670290
6 7
548680834 172226869 918002003 279601181 870438988 104126414
10 5
891401278 56791687 539457913 627675270 485931362 465802382 48645094 985669552 972813826 466866718
4 1
194050619 414233948 935615504 274332257
1 7
837504075
