36
6 5
350611752 485537896 176779615 171659049 254385764 363179332
7 3
878094225 529758951 248325325 633288709 680060463 578752976 71406470
5 10
982674162 419776661 380662349 884105787 774670298
4 8
335213026 547369493 28344608 94399049
2 3
12706072 328783128
6 9
752653457 35481600 518998662 395636298 400264515 871616504
8 5
808789364 13733025 768942476 909189459 708507966 357213003 477473956 283317311
7 3
357816364 840744459 219505726 964759734 979688415 865937689 735640394
5 4
886331767 449325482 287797468 878551702 974972104
1 2
827059802
8 2
485645535 955863105 23637489 16676947 355120039 58743104 142682285 798842557
5 4
297645105 682223473 195089526 934373388 579766421
1 7
58923715
4 3
138959451 905039317 729316091 13617055
2 8
758741386 644576551
5 5
458640168 841445383 180148267 922188909 105860471
7 6
852275947 146068283 74577953 455829355 32763124 345596832 853529204
5 6
872707544 193445722 802454486 103765289 984500219
3 6
536695686 282079385 748293232
3 6
928207843 437807589 495870392
6 4
779501784 125894512 51871238 715877383 724957727 496430685
4 4
912026006 59726524 413160515 902318560
7 4
571061375 82330313 188032734 443390659 66176331 247097904 412108426
8 6
229736498 900622327 680966719 865858169 474060800 383080079 902626124 246490081
9 9
407194907 922434608 107733061 839910598 274837130 450192154 384825846 744398629 45635358
6 4
870536954 30326564 324240969 625802400 642511769 204657327
10 8
494846275 282885606 540007514 983466413 631988682 792484316 98755368 225976098 362422386 825103028
4 7
383052872 736710432 972971608 797236904
10 2
975983488 966614658 681893496 826387540 522180710 596075148 710856864 270783726 569800117 776088263
6 9
909841678 398331026 45473917 49753387 785735653 279246177
3 4
436001285 855189230 212642083
6 8
613485249 350808582 986333859 623472462 712176990 643543576
5 8
739302684 504359816 191382250 429050405 824994767
5 5
429954096 975500361 929552605 141541318 100970255
9 6
834925133 720722594 297076131 328042749 360050931 662899090 129396610 892586130 41114698
1 4
139624118
