58
8 8
546186654 468914230 708453220 65212102 241638328 705160581 679946849 433479157
4 3
864559851 286579402 419193787 655023551
4 5
18784877 142048940 931413160 183983411
10 10
704509273 109350899 830576098 141092443 890586207 690591927 133455966 597872831 407984581 507395753
10 4
678461190 410480604 9080692 28821339 112783730 756443958 185320797 461401424 154310433 832732389
8 3
115289812 734193110 164340215 86137866 575298748 100904167 912877535 989001860
7 6
438907663 578202805 808911946 883199780 979244798 792478156 176485929
9 4
867131105 655220868 438309026 894316513 61097447 890044401 147405474 207094271 357283869
10 4
146765092 956256946 862785884 703172229 695936453 168582460 167994969 310583706 720682210 651724351
10 5
539399442 111000300 336748515 361676716 745895677 872573327 740468601 706098310 384777833 590502810
9 1
143881705 797190109 253601155 834103870 297150731 270945854 747055158 299374152 961497327
2 6
874021604 948436712
3 1
865411088 371018949 786012832
10 6
404648958 443251884 320912618 661821068 572934965 930946908 216893675 378263404 917074826 560552239
6 9
651587091 838091935 663952585 820812349 577926343 154868742
9 7
260607722 314746232 191088904 243251184 534679488 647539271 871948951 145632708 876919107
7 5
264569848 146387854 10173923 686359864 375375213 679033748 584663640
10 4
570386486 753526434 833236117 709611275 353625371 293190260 344888359 873379371 488549354 532756345
3 10
506765033 987364149 376080678
6 7
541418295 147595823 612798445 204932174 199780182 29769253
4 5
697134418 53629008 535912906 320314065
3 1
869334631 137961049 328387808
7 2
175517051 298597433 738651993 996440989 374738067 279486711 207090642
2 6
770401144 855242994
8 5
999605217 402510131 398279383 40699524 136779203 644959002 5911173 200692047
10 7
864511682 542406017 850726390 553369465 794374850 42041003 937608082 449693794 443614351 845424421
8 8
171362509 82886788 54776712 306326981 301985843 788257293 784500079 997120937
1 1
256571335
2 4
568293801 528688110
1 10
358452472
9 8
924376142 991933006 410454496 11408403 466466031 247734245 399736833 516165328 594858298
7 4
276682433 693471145 810098611 745973265 554142744 321409540 891715091
3 1
17199775 516076932 746085879
6 2
710027810 397749085 966794740 330502000 938847503 331576380
1 4
664198360
10 1
848381249 111685214 106531929 39736668 566574792 956453113 57366938 553056959 60081768 389948617
7 3
443317414 508233489 231426891 391836748 53971858 860820358 102176637
3 10
864720397 865540132 970072889
8 7
548199127 597447288 96599244 886094971 525751075 697515056 66015049 68001196
5 1
317889748 359763942 26192233 164276479 242965568
7 7
512813001 754082675 35205885 983112589 878865082 469216252 653246317
3 6
189553956 644244308 503635605
9 7
387718777 372133068 189124330 389419498 87658212 865801031 369263125 553312079 316952982
6 4
746769593 162182761 750155456 998785679 893825160 624082186
4 9
855931103 396044664 597122047 113508562
6 10
737478797 745450226 763649519 308143717 811544423 781455047
5 5
922176428 103546581 69951422 236255559 31860954
7 3
891249605 489922830 628033131 370471616 471651564 703165883 383422115
10 4
434734504 396446564 718381523 517230940 951365276 508150114 3429623 92764530 886831846 64554118
3 8
990277611 594630265 992588595
7 2
583769309 717795723 400724504 223246050 2678006 497353721 486225021
5 7
784860276 18442157 300325307 105526661 822451088
6 3
220270781 505693984 183760727 165758519 972636418 132687184
3 3
519483607 77253218 82334556
1 1
299585101
3 9
373699473 664830783 153240088
3 2
898452641 336516230 961138318
2 3
296922148 618907057
