25
5 10
697175744 717804365 499345533 875507947 10271052
2 8
295185735 890940327
6 5
1642080 309244376 133250218 98847772 289122113 14072875
4 6
132444799 199821173 331906272 6034816
6 5
61706065 8680755 610955913 160583791 374699615 522432240
2 1
148318878 669192
4 1
683413687 692205629 272894288 798166225
5 9
541743726 429718855 437377777 323353471 527068447
1 1
664196634
9 9
433876155 403706204 380382093 930078862 785631826 343301019 387514686 881494422 120810280
5 3
115495017 197911426 391976152 929372787 424193242
9 9
532002090 789168560 615076016 309878009 754730543 697363304 191751157 299963647 205217722
7 2
836756272 929926656 415137937 148935880 481086496 252170098 868184058
7 9
974523830 23808449 192855014 477267530 891663772 407245328 391028754
3 5
702311763 543125117 669532583
10 1
307044388 303530291 440767447 286503337 531554703 943326609 894547313 537943927 650950868 452462996
2 1
535258753 649784180
7 8
513520030 691229326 782591185 183089940 431454460 914205159 733427773
5 7
945264257 125296328 350582628 794746569 84422587
2 2
696145336 311770409
4 9
719469336 113582103 828675969 235743804
9 8
535867288 791822962 167940851 184485842 159745912 385900421 566470805 825389727 313691230
5 2
141000079 991849842 296540237 521443944 305388
2 10
139794276 28135574
1 9
358815806
