82
1 2
584766831
4 9
997404993 190564182 403088765 554400414
3 8
789542836 541761796 226406668
5 3
681675429 965707392 506459646 61469782 286844903
4 5
526600568 285973128 832619663 420946396
8 9
478191161 479397605 291663610 486678089 482933286 581514378 992620748 182830871
8 4
53262117 578539934 486609605 48045456 706375009 223902365 414844761 400273254
9 10
48063401 396878344 867240328 125875023 244349740 282064794 230235465 929739648 701896844
5 3
656495743 920571836 764683512 416782094 213711989
6 8
990452343 880260469 387623236 126725201 706486175 767947746
2 6
822392747 480832189
9 1
130322832 167250759 667631846 326441864 742607277 767794992 377244189 9470879 703184767
2 9
132356367 433564993
4 2
79509134 472120467 375588191 699139435
5 7
331382589 848353473 288154753 449658515 195074245
1 5
665235084
10 7
99188347 176943836 781500752 845869742 736731946 950082463 197765498 642478756 859040571 430325345
6 1
942710664 605202363 637085992 281684456 187819844 591990456
9 3
464459253 891340164 158196815 826790155 358981121 145136028 605181484 43997062 839965844
1 3
49560609
9 2
114343617 114216785 530463270 980528251 690035919 383691777 70289780 202145978 922645254
6 9
483397093 20386611 153872340 779029477 548170393 956011872
2 6
682230469 125403566
10 1
526811523 603303411 672588830 593003409 934241055 980804095 511228165 53311234 775909890 75527969
2 5
690280912 191412809
7 4
396196714 445114664 679285216 818212673 986854781 86676267 669477231
10 4
932323361 638867618 130331741 702439306 949845359 324539424 290284412 334495772 370676561 672104007
9 10
995725157 85537642 222380766 468549227 996700338 706600313 934863681 275945566 452490282
8 5
849661811 858863172 674847381 287534685 659855085 6141004 925305933 897419299
6 7
523730915 915524852 281154779 344061562 637654362 527719913
1 2
930708330
5 1
585309646 552980509 73349587 647137770 547257573
9 2
113068317 511066507 468339889 493169545 79054216 249079200 646791720 867752816 249062024
8 5
560643035 51979618 46981888 546084013 723871493 680888773 18301995 525290384
5 10
821225143 145738764 278060172 404765222 118350172
10 6
281541626 610435904 777565889 542496347 145953395 313870707 332464940 508248693 160221308 735013727
8 2
716736587 504134952 251353166 244267205 31840841 79978016 441780015 629000909
6 3
753804755 471933857 7967510 387448042 15705217 774494198
8 6
31273270 685982193 883662946 911651693 478779717 164977534 260162775 185776256
7 4
180470295 252310854 358840348 948290072 55847814 538354074 713537074
7 9
229021880 877319397 58409123 735278743 307778435 117518885 539374191
3 1
983371175 421942670 953834494
9 6
83894407 96165518 353658351 736595697 777682242 652396532 290680013 695964301 412162582
8 6
815052528 573248194 276826403 152961173 470551099 199130043 317392478 654430972
5 9
406481038 498833465 410930947 880650379 284758007
8 4
261103389 21030688 870808732 380787905 229756498 225966764 644325897 550208260
9 1
186238409 393080027 319679996 991170216 205934326 381749052 104382014 810486897 297312862
4 4
406881956 532810216 66274917 499309390
8 6
861613319 100747620 406960973 132623461 954050162 740917249 526653633 766048034
10 8
86597605 173566193 711486036 225037352 35634468 933101873 466074816 929584347 163471268 301942972
4 3
674322788 840811217 677769126 700462765
5 6
665019224 677402345 571885809 617605889 938524075
1 8
837512530
10 8
4139907 852179297 35189350 535252563 511476368 95252302 675709633 801365282 481012972 761966125
4 6
634226562 594604454 766299382 376142078
8 4
401783190 131673763 616177938 376433441 761571850 8900293 192149970 787203036
5 7
154099128 86576999 358996917 499717131 947304121
5 8
491593411 747403926 772788753 741283041 924836902
1 6
909820144
8 8
711241639 837168967 241648838 552338312 526684227 469982776 585737690 634518124
4 8
589581393 127473125 705329157 778018840
7 8
961690958 239442674 826437918 107431855 45153433 399175906 964745608
7 2
965760475 990621918 164011176 995259479 242270452 499178602 557357770
7 4
323874738 206597841 347749537 218551259 316453267 668016637 667113870
2 9
477105005 403194106
5 4
542997348 606104609 450077172 191745361 557709954
1 7
292200593
8 9
485756730 98629394 40568253 245376089 220054573 266350950 567195620 1502805
7 7
33543613 961112298 631203509 268465434 291069726 410140427 953070716
10 7
285938356 466469296 22747826 403995007 283063119 281793281 495971105 60163129 966619876 744575689
2 8
658481662 626640197
3 6
304347012 634665251 81086654
1 5
934802621
7 7
800382434 53530205 403939290 763490616 590604632 283703590 804807773
1 2
335795358
8 5
911414546 954676163 138750203 171600281 263528559 656763441 185076568 661319464
6 8
898480526 776798060 911199952 142218055 32263115 645750141
1 8
52617119
5 6
601487551 4875937 255730136 235186581 139390287
8 4
328165893 868558937 176770800 797939544 625988752 288618259 892893324 195428104
6 9
738774057 722517530 344801834 588334458 785535287 733720098
1 9
235286899
