18
10 1
685441109 721768034 142594232 596725813 950187082 602697306 792464570 41138596 307782959 5203413
4 9
955971345 970910066 57232718 554494288
2 9
994033090 25521205
8 5
800292621 739628498 504026906 844129631 579193420 428318601 198030202 117656968
3 10
358299308 593832762 471173729
3 4
921121354 918303577 391338560
10 9
598360212 440080 99198084 801333003 354340773 207308087 977687263 383636290 249920452 676325547
10 5
156095501 223368991 727478669 348711883 626716279 58710381 863141652 488911884 740732104 148859129
9 7
732165417 117806921 126325617 439928367 220767936 804072140 562733294 898004772 42445276
9 1
138937066 498934614 434282681 644114845 554706623 336587142 398964964 223433815 866517673
7 6
762902046 314804682 531388015 996272479 243130152 949012020 433273132
3 10
618634353 475988782 145450752
5 3
854378280 869601933 107055410 62671286 714731910
9 6
72363584 716477668 650064221 713345538 802996702 749463703 682431958 400043975 946653993
10 4
755413384 149832020 832802648 593749350 300192324 854239539 8302242 516981283 887695024 706462856
8 10
918611705 138631612 837742661 2039501 569623059 655577646 47745373 289504784
2 4
456124373 341878879
4 10
856661006 401763461 605590653 208371746
