87
7 3
922991593 614886587 642112853 888693346 808695736 420529924 228194626
4 1
230969088 640479365 655875812 124680681
9 1
511021119 302510895 403587524 9561426 884639500 742565497 764083757 26188079 537608061
9 1
779860792 781993291 284849890 709150617 458432065 182929137 540691734 30440857 320079437
1 1
487128846
1 1
47402954
7 9
621444648 77657327 204045757 59427310 543237130 135140651 21798905
9 6
885466090 635975745 742967199 884820638 788258229 853225022 946515401 845766394 444171327
9 8
390715913 882490644 74628333 646342785 973607443 738399911 761897615 506304136 258802358
9 1
505312963 736341343 559629071 487717344 721757751 444419437 440573974 894108169 330884619
4 8
373626106 458302977 834873537 748228777
9 2
590550420 160689967 417675958 579630711 262275977 675193403 869938615 629408646 406343891
7 9
79223788 991080149 283851062 168511812 225356501 699607400 561509230
7 3
909771828 415944230 702298749 851817416 210372703 756463625 854917874
8 4
207061637 650448866 968877878 199036843 115603374 640073221 826744650 466238707
9 10
681833951 597999245 734715424 904392734 692366326 855570789 395697762 520639122 232748125
3 2
751301616 413716609 39544675
7 8
1031053 879300398 483608651 990212404 717009946 818065421 395678303
3 3
947933932 494772387 451120634
9 4
946399134 109981727 2501537 261786218 666947184 836753955 520378295 856663503 476275992
2 4
439827560 218573555
10 6
256597280 594079436 175254662 33142337 316570070 638028789 620568072 223422110 665506664 133689488
6 7
343831820 612040459 334759705 689628511 864667403 791559785
3 5
61025789 977758908 267600209
6 9
459924081 602030342 622463667 731451457 889386106 315750852
8 7
728403624 681602710 678449953 628056760 730691976 834420918 561661492 445559753
4 2
499958569 761443779 745115731 201373724
2 9
832893742 967521357
4 2
226767553 703378987 965776613 319654424
9 10
442249284 455209394 726873606 762921541 689593757 290235042 948919665 161331743 533473349
3 9
566265857 848180128 472159305
10 9
469003734 631387387 95189144 990728634 171474587 209858120 204073888 903173649 448868473 804760450
7 1
207717738 178425011 196221859 625979121 146632255 19180484 646202395
5 10
735897141 612698932 765470991 97876033 950755215
4 4
746072454 764768412 584636745 809463840
2 4
441692983 674929568
1 6
644661361
5 2
336374931 573186222 845661740 991226600 513576330
10 3
803571875 542915137 253335910 68638607 970965703 328535049 410354018 933451196 565098707 754068128
4 10
362382984 29245951 575838621 292561110
7 1
793380258 118933919 129760324 289248578 516417245 637146494 805060853
5 8
210102911 108303044 279249855 770357806 229640136
10 9
245173962 321984852 206371568 139253488 675098874 99353992 446965279 779133842 860190342 223954136
8 9
141411865 249184135 695904280 872789717 741231993 310400875 759796319 669988690
8 9
889669966 176429071 759008797 618472684 417834914 677434524 137356250 832503750
10 1
542959668 323111653 883626871 954043334 731453343 648885475 383209177 716159488 810139807 266391902
7 1
810641159 681385583 215965209 64204435 404954844 679739298 295736863
8 7
571588240 977848406 272528515 658355360 539294214 251800876 639382291 433456496
5 2
150806460 854782186 761608410 710286096 344206414
10 10
730859955 514245975 70443934 242604739 486009833 106066844 879492819 601837977 477862519 211910215
8 2
771960712 656347134 902468144 838572299 691983698 254672676 979400074 532587743
1 2
987675475
7 8
476987342 686126394 188970532 927482518 481038360 193600965 869696802
4 7
626022679 973649844 701135483 892301474
9 8
5179242 662055435 609586181 464752979 818169018 960212641 162182845 174417726 479522492
7 2
647752514 866390928 192522431 326816207 601645697 196796943 284854790
1 4
27012580
8 6
116848401 88085479 362900324 934429232 263198708 311643484 930655604 646661984
1 1
424581339
2 9
659042998 81707544
5 3
11848928 949911849 511199170 458455091 598245282
4 1
201980134 587687334 556808747 80627209
8 1
460414687 147500759 541004098 574503411 29375493 759778232 433340442 94402432
4 10
104054686 575732308 790905658 680224182
1 6
1371330
9 9
684861534 351065619 82160138 850979961 34781815 838188162 174980665 39894554 146268961
7 10
354332220 824647495 893016101 23480543 824463430 811573015 28054890
7 4
500181825 820957028 290600966 941472389 986115256 612692907 490418790
5 10
746851210 557611880 213837017 824891468 192077431
2 9
826628110 984108630
9 10
473525485 155084187 674537625 703754742 237821439 268878561 969980751 349812935 231429455
9 6
941486841 594887689 410501181 648112178 827139969 194344484 25285572 216950132 849724397
9 7
165440216 380090590 373410226 864240335 440514585 28875172 503477576 628555661 871076800
8 10
332557298 52215835 431293226 284788260 80833430 486448685 684001802 970291486
10 10
908397662 5542670 881408417 193915615 683220282 870364662 207886112 129814148 857989533 176900885
10 2
855287377 460895257 901009735 642245777 7415968 260478601 276613005 520177124 825426456 812886169
4 2
931743431 619760606 318115228 971806390
4 4
653389837 216647119 405494444 623876255
10 5
949996276 763274321 643160226 541893630 87520023 633288976 325920897 584854285 916002208 428444693
8 8
241961752 481990879 4740709 411714982 501366371 949880090 19425096 84045088
7 4
948714448 387672918 907416672 885603246 807271179 393092680 869688887
8 9
289175752 393803751 712776198 690324787 317065726 440374098 52857839 252307623
8 10
551393697 44085344 573603408 656189707 206250322 775729377 265521499 499076817
3 9
543659713 136807963 82482274
9 5
794562608 963625442 152238796 645437224 164331212 562739825 402488462 381017663 393432139
9 8
20913103 318471777 435739279 119386413 918047446 657958002 931939267 572842613 258706312
4 7
11430545 940441931 71875819 954442005
