24
9 8
463975863 653332500 395204778 826849430 812062186 633039538 493551760 556121627 114642622
4 10
774973579 25902765 886848443 618746992
3 4
369506500 415847120 678031268
1 7
775631681
4 3
605233564 737825934 833567468 721074782
1 1
850138268
4 10
321132905 986564124 333143246 274281252
6 10
649628587 62867508 799011644 999380358 474442369 861217788
5 4
912498624 825515993 209415594 392930900 350011897
5 2
602801408 286816988 447436257 325359640 878681742
7 4
632130534 165685433 29384832 244371504 177807075 928372941 370001153
5 5
942963690 873621482 773209142 591548484 643032573
3 6
602343273 16325806 280649677
7 5
961672256 591658495 305757335 146629181 751816141 271379729 708078793
8 6
847233630 840793178 905649086 44382644 594013650 440568928 580012218 897181265
10 6
890244845 923839112 903525313 421831513 115817604 170053724 787834459 143683705 804002559 840624548
9 1
21769269 179680445 16495538 194143452 418471903 607705382 723321699 521359358 309356152
1 4
973664798
9 5
182986488 742036795 67076148 425283648 856750311 756474797 36081293 817231521 584832003
5 10
404299901 432187922 11633807 393460708 37079738
8 7
608374544 659943246 350974654 407278315 323887030 314695832 164271495 766318033
5 1
11822103 320042326 709929181 233367653 543064173
6 10
698159335 991797116 620270602 445783384 955902949 841880945
8 10
369672872 524325037 550869627 980802056 854914520 408983209 56473353 806712410
