55
2 2
272489323 727335421
8 7
720909561 861160955 61831477 348426469 948238335 152027079 638878126 447790000
9 5
587272774 447719466 186023134 691272954 324377806 719070713 141376558 629651112 588213947
5 1
240202199 546773707 796627572 714241985 764474696
7 5
493919169 252243597 448114014 414591904 951521470 469336600 883443581
3 2
890551556 606240541 17272671
6 4
324341373 603453998 680667944 704865943 290252916 752697244
3 10
137554295 807670304 489293521
6 7
149798608 46362809 381334228 203627644 889133514 273075326
2 9
184443019 367745251
9 6
684134647 595035658 896998727 713555270 809303872 806316693 946205892 799152897 608806721
7 8
970676047 154576730 280804351 164848946 191447625 849985465 782628464
3 9
17628297 705881064 768335124
5 9
23690506 861613964 434756242 591824171 305456199
3 3
621186928 903311795 856230718
7 10
414626384 242416714 269833530 170967741 148932830 604432583 64694184
4 3
823548417 484976104 948168701 224194000
7 5
305558772 424028959 120963134 112269758 2861892 498169696 342477229
6 1
229448986 227829599 616690893 805720464 777774807 136263316
6 6
298308876 281909425 927492468 17214934 249594332 404773234
4 10
729194064 676296943 5110094 578744685
7 5
854186651 609468359 85465534 637116390 16967613 772752685 2089585
6 1
296705983 878572548 864498802 423025468 429778414 825297614
8 4
314114507 244142161 198034482 530857917 179813056 300615604 328417848 846426181
5 4
39453603 44172991 359380597 237158274 94299788
1 7
838418335
9 7
769133700 770796041 62258754 765906537 856814385 485229130 532643837 356174355 517890154
4 10
902903027 882355115 901480907 645736839
6 6
932484238 40790001 731296097 375055359 892493758 855962356
2 10
401230231 864192246
3 7
237769944 39772392 517797088
3 10
266782387 380660735 275784256
2 3
319396540 756685376
7 5
194912603 136588986 932046138 709480669 965258488 540429493 744883885
5 10
883256014 976032151 903751438 758133440 734755247
3 5
659137378 956495932 279049879
3 2
56399859 9460197 16391475
4 3
43618306 261609605 903034966 865404200
5 3
501442849 260589807 950472367 706903405 590671875
7 7
787731933 366540492 599364424 527622453 352990960 600636002 474755157
2 8
869641614 211685733
3 8
53154323 123078141 135563661
2 1
467627347 214760142
9 8
115828650 717768572 632134223 80906810 690359676 91704581 426729571 278113829 544295282
9 3
685243243 563934219 172599678 207453933 161997910 655440741 566396341 521316051 141693414
5 8
112486156 135454481 669310938 49807801 534794719
4 5
387893956 337024187 267602744 721184558
8 5
64926952 63770203 256695702 282365787 609511314 282821805 713745804 557746371
2 5
794881602 861528186
10 10
323213693 219620439 828700530 414510996 519145975 817131805 511155065 20861788 769988755 901466558
10 7
601346495 605733486 741475039 206201620 659322661 430338195 599782800 551374220 317689441 733594323
5 10
247206986 153448146 495655072 77322501 391392826
5 4
258873938 503301573 881022799 424521679 869103168
8 10
119421033 631251880 455145540 347289302 891532468 404313963 483518178 446862229
2 3
371848314 603203599
