10
9 9
18239351 932261292 998620523 221932497 445670845 72716631 599177497 658363345 196709187
5 2
453570050 477616251 242775163 336882464 207215067
9 9
152640490 79531079 130969084 676795593 321030580 618439350 918384638 163353461 929261545
3 7
716922151 648120033 341652587
1 3
401126746
10 2
946874357 67532638 666381391 621154840 823639020 804486437 647169499 26497176 416363139 998205154
1 1
705176590
8 5
778949674 786790702 746347341 172092226 451108859 374872659 989411916 767284837
2 8
834860010 700714630
8 1
363432739 432099918 994139079 639969974 808989565 990428564 955768404 222435623
