46
4 4
931944001 818802305 106060692 242767252
1 4
987821491
10 9
362869081 969875623 326815757 316405209 575189670 149524962 933508046 233298531 927002046 626547295
8 3
317871725 76844450 375917302 513313703 605155797 1975309 810703382 875036934
10 2
699897876 906455525 254930336 632195475 873960991 724245285 90274509 195193996 53080294 330929528
9 7
598517055 907640967 233789197 623518685 631323228 654202969 497802743 432034295 409510229
1 3
778784224
3 3
515618548 273600312 102290009
10 1
53861042 658242183 940905944 26409966 868126865 37480911 970229055 985736610 95472288 107117440
10 9
522392926 139062879 413684140 43361055 811631080 281082640 705700893 465371505 615101020 92260707
3 10
591819567 693490958 527127068
8 9
943069851 263754512 691168288 512078685 873848992 121897919 426465006 961832362
4 7
142152077 625723247 354465540 316386366
7 6
77817041 463080838 129786411 43906156 316705718 529682387 978272696
8 2
753912721 510573967 421728450 233880707 936248117 817594472 472322494 263214940
3 5
75875289 965642851 171894602
6 9
136606904 975137836 304588923 286350328 266609946 783379582
9 7
269694701 984391664 501114999 901323536 859701676 199114401 779862628 284500630 895786783
3 6
425594111 720339736 967069423
9 2
694723406 548501491 989358922 877555119 807214542 972711649 559552573 587421880 464772611
4 5
625407438 325197303 26303759 158079832
1 5
234090977
1 9
508541574
1 8
127882617
1 10
678395069
2 10
573049217 393464480
8 9
271068778 317241388 641017336 305260351 476650802 244347392 837704289 285340497
1 5
516087468
1 7
156890451
9 7
63921158 869706774 260129016 656946187 214512898 783422321 932819529 84176786 699176871
2 6
841539952 826999021
3 9
187250027 6962855 125667637
7 7
20581668 653217542 215466012 302133001 117241153 904850927 426830174
8 4
911647662 587136526 959560579 586249342 722326492 138835774 399631357 702986274
10 9
313039333 850583233 121445060 941302800 758392270 458428931 982426489 936037587 300828146 500719077
10 5
292142622 718687825 121820705 229590883 62335878 288758278 727360534 751265145 833696214 186653970
7 2
742166001 153260897 175985170 442757644 496331515 414324736 885272863
7 1
904741879 178372239 37002988 872502557 576661285 461559331 120933813
1 2
932579652
4 2
640986354 997287177 411687745 763911689
5 7
979660082 400054462 627169203 759600912 949021109
8 7
865620056 823417070 182214119 75875221 920790732 250884674 892517778 595923458
3 2
734822516 996154726 953294382
9 3
107684720 394159621 945980284 903080593 511902071 649687554 110168885 674585282 839199591
4 6
142185476 307687312 755530255 851234025
9 3
164752678 123051748 920984147 486496187 288071034 269996587 549533569 752253329 326167225
