72
2 2
217131669 705468791
1 8
8520482
3 9
110223937 639673205 475757828
2 3
287077997 149210883
6 7
151646692 900057926 171246689 466113843 871454570 260114745
5 7
318409379 13371150 911120345 22037051 209514956
6 5
850555044 919395216 432310696 469498864 727329461 455706179
4 7
891861974 604573309 101546424 492800447
1 2
902787128
1 6
257693927
6 7
394203646 147824157 3697154 938378576 537050671 63427092
6 2
432959248 49394459 395462317 91521829 745647462 41472575
5 7
404906241 243262821 517046698 891777146 877245658
9 3
41306976 666895291 970841614 225978864 806894391 476969854 612437953 294024017 594776735
5 10
266989114 328943192 19436649 507060714 979260337
4 6
817178364 495991376 991008333 825076880
5 1
103444377 137084764 481516799 4882462 340537758
8 1
743534692 352859284 541225415 160576047 189099479 419045828 509629668 600133332
3 5
825899773 417173975 111144175
3 2
101939116 253174478 237437652
8 6
957049500 944752463 863476519 399610262 512999048 972161188 807366267 43253575
3 7
95126341 288855438 470323917
6 1
161862295 593291734 169202929 13522969 296309017 750275635
10 8
485830630 196378602 766081201 765903128 993592372 416462823 506349867 362728153 999980933 403484884
4 2
640882062 785425738 97936826 580093480
10 10
364551569 562300288 451112951 124125138 190467102 199041759 622093061 928544721 260380691 499494509
10 9
335512145 391302877 314254734 859404028 838179976 356216716 824847511 781002663 678895290 921769236
1 9
628060524
9 8
810945795 331826995 809963197 46850743 820312958 482453383 404229697 389840621 254521582
6 10
687850695 917336727 878715045 937901640 684704438 63277983
10 6
690713532 399708535 581467568 659784368 13097592 730182355 274811018 67092978 251990851 357253993
3 2
133850500 399748934 397106020
5 8
506046649 549398594 444570679 443573526 429135084
7 4
125144558 102161019 612633286 504159340 795738519 705428921 422859385
3 1
994086235 677016851 750801602
7 8
58602781 943078848 677043231 290186676 186359501 353906287 297172830
1 5
779902978
9 8
243404758 124149689 802795960 859871478 466575320 538450654 528233103 172453895 881919438
9 6
439109010 44883090 85240412 840291433 622140419 625161034 8537753 8323793 363691082
8 7
285975756 876648192 774493367 871381711 457507452 651853002 697566777 565672429
10 10
174311488 912918484 947816125 76946350 301452644 748231371 437019197 913459888 377132383 175531295
6 1
44924172 771203392 220096801 650806815 843782018 676653998
9 4
823781918 206788487 662087715 931914155 300183758 512165622 808502288 22996486 33685563
1 10
499326253
4 2
587732172 675023857 720050618 925853002
9 10
403022681 925595165 892738290 766281898 244791685 875217083 419587165 96634264 821175802
9 8
345307805 107151818 302545317 81762685 8501820 479450456 939562962 686486353 473139743
9 2
884873792 21129188 374884931 32434237 227519392 905608618 581888454 52281627 71054709
10 4
864372344 76874449 611256878 635725833 438973564 17951273 619399193 561551420 479477620 481027591
3 3
37906016 743595102 520360522
10 5
896111137 262012710 654294426 177657525 512668710 810266835 847201059 408308523 415071061 908526009
8 4
38718842 832901680 184044028 794834912 166851214 64097694 993536707 761678290
2 10
915694381 98834214
4 10
563288358 786982208 783928051 47772831
2 2
921768663 619102767
8 3
460801033 995297962 943000427 135423835 369395913 426620503 654682136 980618810
1 10
932728670
1 1
859319184
9 10
103572215 569795779 360121554 76316871 874214225 284862195 402308704 724504117 46086554
4 7
695406450 245674272 177611765 811009222
9 7
247032132 533961691 812179880 134593563 25347513 47380320 200313675 351761315 176057682
9 4
970112783 501587275 373516017 451778450 653515352 865149203 546805937 808575494 810675467
3 6
297432260 60921555 520268966
5 2
434697694 52904010 349679775 148810866 899477754
1 9
738821186
6 1
975120540 132676207 882506318 699420225 648850704 288824744
8 7
24234788 18747058 635269693 537172258 781775978 534266365 754181597 419069768
6 7
448321525 132937364 442176152 147567577 362077900 296556505
1 1
750741955
6 7
836067728 425758525 115246864 802126997 943763101 652819495
7 8
1007824 629791415 917292703 816956383 571093451 592886653 182137191
7 9
627603263 43274461 961870240 465576834 371610376 168524714 904183811
