27
3 6
536621737 523002790 456876738
6 1
202075151 501491187 506382969 203455272 56089429 975373409
8 9
112776105 449783935 537796292 647692290 423901549 850793221 951584202 906257508
1 1
976037735
3 8
97557847 202279906 12583298
5 7
837462773 492597880 721540807 90799856 586239229
10 5
849546310 711117572 645767209 753409107 697309361 484527724 262633816 507380941 376672977 801751435
6 3
286769261 305590926 908030693 205490762 986325424 357277357
8 7
687110852 746101771 85784694 279604148 787336222 823624304 87691961 224201628
6 10
286451532 852305635 966675682 379412654 104845705 650546173
3 3
946293988 817444227 520469334
3 6
304197710 889513940 174438641
6 10
93320383 440440187 296148340 131101825 711006821 211997831
6 5
528660043 29443226 870869613 622880004 22455491 287036383
9 6
750499839 463629359 964114430 343506316 855991307 974488472 917396953 699473339 294190191
2 7
518016984 942828072
6 7
229130700 748974807 158541251 914747884 68957754 669158186
2 6
747513798 720931318
4 10
509173812 886908772 196393333 654881271
8 4
104805085 180711136 123854954 553265607 761686064 610348667 101536812 938428409
10 10
989432265 56874561 95521413 11817907 352394254 287935404 462390676 582800664 809793803 313065973
6 4
941365439 322440559 127506142 330677071 652548930 520670336
5 8
628998646 510795193 915974397 118211508 917621578
2 10
866279253 409105863
10 2
562364582 931349107 621756831 847917226 366827029 17495602 999750189 631762808 279810201 702247969
10 8
493500796 793263992 436951766 358962825 256162906 534405320 702829296 308155267 771230505 501121211
3 6
746278415 233585029 199067250
