91
7 5
333695767 305902971 328894105 479534856 719307886 803499161 12823943
3 2
125256506 379420339 191662325
7 5
30842835 736470715 512777027 511269896 696539548 714048586 39823292
4 2
80576951 423916675 252957689 159190989
7 8
831670202 390597432 849344094 426118873 701194625 630245201 233080598
10 4
221703972 898040377 689702537 512453090 989158951 758835389 390104283 782908215 968848763 252663505
3 1
99026913 441235210 791302014
10 2
942679769 163961690 765892601 123386343 988065031 22231697 776598457 657949452 570669492 399960924
7 1
698354881 424892102 887654132 765293648 452762096 116093229 241868401
5 3
852958424 645937243 907303563 715397138 451867712
1 3
652525055
8 10
734135680 321172523 57294144 137802956 859624241 905238376 457116838 150906455
10 8
429265414 372338559 392060201 388011488 62443260 842917593 459273343 64064056 199008533 646600968
10 10
392728233 481416963 285021311 513712203 4905873 555529332 358100038 526179156 514819440 7835934
4 8
681227411 456289485 266227777 815094215
4 4
455679693 728907327 766078044 770412406
9 10
409183416 423555162 238283267 50343020 711404897 545430474 844425769 94478409 318674652
2 5
917493764 224165512
4 6
682051621 798109106 481819902 853855562
10 3
136936205 776202177 157775770 870860637 890706812 440164801 853084021 612463555 766414934 629611874
6 9
733987768 120483001 611847721 714140040 410984415 658590117
5 5
559524329 429217681 306479771 608349022 68081193
8 6
626582639 23968211 944888979 516417993 714599363 90606665 932575905 844958922
5 5
969298358 971395389 708861478 367116745 951402772
2 5
453732238 542480892
5 1
10350207 594801849 133561833 837867907 408659541
6 8
564026624 480788960 319520770 247877239 350288382 503839853
6 5
495436087 980443194 944820193 306926707 179997699 926868570
9 1
996983281 315787332 526582591 789888445 968707930 584923231 477808368 589863895 699432729
5 9
121937373 22776279 406579475 290369032 346579049
10 4
421140676 373068920 264013286 48722741 27222643 256973660 555544065 568350728 235162038 407609106
2 4
686133731 614098255
4 9
967990906 232597653 453023936 810217650
3 3
901863635 190776674 64251812
6 8
679451096 448480510 977281326 213504633 129826321 862510294
2 1
996064630 244899847
7 7
861716441 606298158 814503983 2382671 931956536 167063416 198769541
1 2
489283936
9 5
656623908 26769408 638976668 633092851 871738004 851581362 54454946 304775835 505542653
2 3
34379458 717559678
8 2
23420725 901516086 669616279 911247954 530773508 919289403 870308995 156045135
3 5
380835778 921505936 67719613
2 7
10555526 399936634
1 5
289309284
9 3
487759738 623521225 479907783 319852530 787926632 796500009 11761480 163098725 108922118
2 10
899534290 85327322
6 8
822512467 260676274 927000861 238247423 244628487 339168936
1 7
398599116
9 6
613771659 499122840 681677853 314779466 648578674 614890225 309601879 622357768 13064493
1 9
489415203
8 4
109531265 325615410 8896362 726044822 933377463 85027206 519435276 38168344
8 10
100946581 918127397 257441798 879151080 767845611 775232075 63555691 698879646
3 3
167894618 110273777 248354713
2 10
338890179 755834917
5 3
539573632 161657389 555909 459121778 774028376
6 8
353261563 628847252 80383558 254224269 829697594 708945505
6 2
242715440 623557442 347216317 110673363 745979429 222689125
9 4
516260456 922427313 220281074 450395427 532743981 483134209 54651049 671648753 807306035
5 2
149406101 550617732 55710579 621043124 994407268
1 9
266336459
9 9
797028373 661326305 459907590 722884927 694331819 550131655 643002469 803781374 395273237
10 9
14713028 246894703 362481004 707482735 730493122 389762987 890894635 754974096 153620341 421030450
8 2
537330165 563753918 28454760 246328447 917950298 431791434 880649466 573746839
5 3
804503795 54808961 191881635 477664625 614569163
4 3
955574012 884360053 934938899 299019073
2 1
996245932 184678254
10 5
324990014 11579403 371272944 787429632 563171341 542637905 164570206 190370503 126276412 515283102
5 2
497476419 414102354 946871465 415701319 293769516
6 3
319909722 299374594 659332370 455873784 208859032 663666993
7 5
134718060 609228089 152034322 630787834 650399656 939222420 603652852
5 9
947130659 309191535 584795780 367821509 624246167
1 5
898649171
3 7
393781929 244237156 603058283
2 10
212170763 552056483
3 4
7126695 660249151 942877051
10 3
500247452 503289428 71251896 908268895 297643251 708038388 629639769 753867459 974422981 435074423
5 5
986020413 412934587 478508195 139446226 746642649
2 2
583010131 290726360
7 7
578022962 618041750 587043544 741286850 45738540 409454756 102087928
2 7
295191050 508213080
5 3
439913905 789483042 792900278 328962633 139243910
8 5
825593181 492231580 855351528 127423622 590485519 390790374 866210658 727377031
7 6
42674148 643933736 965954114 634303354 260067539 866846770 428451093
3 4
460712446 394224779 371721621
9 6
128371163 236995645 825715484 229096348 11805607 531834844 42590853 182913607 40813749
8 5
431681546 487433511 927107882 664300060 555722420 283899071 265297340 15649053
9 7
863682393 786211331 174667502 408574191 615189774 147747342 759100294 717549900 517892560
9 7
582648902 898203204 596193992 37948368 212830788 620119991 458422554 133668487 106847612
6 6
925518872 735374413 782623904 230441036 991489311 835548202
2 4
754385526 960156094
4 8
224638001 434364089 76161671 502982828
