99
6 7
336894923 673300657 301317395 491041244 423828453 89164989
3 10
262921008 42653767 163992089
8 10
884967298 380702984 50339233 820315421 115549777 813266899 586336599 785359962
2 8
304175964 370491448
6 1
178451125 921539018 239865354 552379022 14218999 706083088
4 10
174366780 210939668 924659075 966716062
6 10
983763164 175635355 261618632 256248876 103016387 503868272
3 6
531805459 862104659 769659502
3 8
231568417 366988843 459808104
2 4
750988814 347791121
1 5
351375038
3 10
613014121 443445900 735595554
8 2
311406265 943177912 11675201 480992339 730937107 190796523 560444239 425635909
7 6
903029544 423687797 629034853 453621295 208006378 887163605 936794125
4 4
452956644 193296863 999805696 646517146
1 4
652348238
9 10
561715812 767855724 545415059 603907300 330110598 740048361 412267883 636983789 533135272
6 5
590167034 804271450 84668585 157403280 50976329 459362479
10 3
700306093 17481830 727276979 940334722 55015715 365842267 503683183 571007209 641031760 648411491
5 10
656845816 421510270 628358725 366572169 837335609
2 1
966435601 283627040
8 6
820811448 913414869 474567636 340733245 219395854 849054193 263268216 81241392
7 2
953050320 602648766 769825848 949917579 446765049 510117170 477706033
6 4
708431597 608445095 236058191 411066303 827791326 905941173
1 4
150835748
6 9
48096141 677924083 157840149 924153842 481780068 998306158
8 1
468470381 696714569 409975904 514483379 398448190 920726858 659722992 760133361
9 1
340120079 318087395 716473598 220631607 932663250 33886669 660192327 248610634 761307430
1 2
365668022
5 8
390111 986005103 999685946 50059157 223143346
8 5
809763053 508224743 559618405 897176756 862646747 128783213 161978213 243659703
3 2
695484212 544033812 120229119
4 9
804228182 966352475 503186580 609649918
5 4
882269900 66671030 383397136 423551159 386362750
1 5
237839673
10 9
237568769 586869723 93013455 292647709 465210097 98814564 842727962 475615221 887920847 735913971
9 4
522244743 468931065 443603298 729895877 858483137 989088195 958359210 649060248 595376252
7 6
896699203 333457605 396258148 310895673 745632831 826437251 664668368
2 7
581050266 650330779
8 4
714292455 237846665 799606957 608644467 550483243 581950557 130430324 480714311
5 1
946632235 376697509 323598984 752586443 659149135
10 9
195592706 208247954 878023483 580035806 552856759 911477264 964939017 152473313 27286219 162465846
10 2
701902864 992575549 711035172 956311538 779418746 984635916 462888192 485010519 334442693 480016399
5 4
824286006 388013158 581529456 231073168 779236278
8 4
120154964 541279743 565904042 663525531 747182932 669316407 414453421 896565193
5 6
784300961 529244416 816719333 877606633 625097206
3 9
819019285 515428513 399156916
10 9
179699709 272982560 974267461 693664964 37687956 651391165 822879198 406092365 743096761 972865617
6 3
787878143 233872576 704644700 966693241 709799593 508739336
8 8
150616531 463788535 482493456 681768649 904394972 177346011 362966275 651313779
10 3
671539946 755210362 160780432 106342420 877811946 251773047 481053623 793702928 548754785 535144033
9 6
718409824 344266933 173370558 811156194 18480813 187884089 519191738 775360601 580278585
9 6
579255185 820863956 496714788 191728295 851329567 128517985 936259464 17904288 955032105
2 2
558337445 466947059
5 1
125341866 489279781 904425643 680445509 910552197
7 6
453715702 306670036 874814059 331858425 867686266 558495797 583010833
10 4
329165917 180775689 616864664 678077337 574255894 653421608 63099473 121089583 847776920 978664190
9 2
617104345 985309555 689618194 56815026 48759816 418089957 5419418 377220418 420944932
6 2
269713545 330912452 916496353 451095881 21316999 947056699
6 2
745838685 465399865 744607836 4277449 53844816 362774882
2 7
610958652 84594709
8 10
212256124 120159814 55727517 775541196 941140164 616857468 705918471 152089386
6 9
521208021 218274657 177893752 350176465 861497363 299103211
10 10
996438629 763932381 296460428 611405555 699269324 89688176 747716674 611991066 413850379 680871389
3 9
658341048 343320647 841994710
8 9
519974811 773872153 706404092 988042731 191107323 523387992 771985757 532520136
4 9
176034159 841041294 83272416 349841474
7 3
54059764 844920589 10203268 238703721 604081897 339731740 699568365
7 9
792572376 351265129 943906733 879706171 211242692 732042420 692156729
6 10
614284835 42789782 743206909 42640218 764096056 772935317
7 3
445585863 569272189 582878768 897375028 921687930 771646441 847940467
9 2
305811002 14134472 47042299 918406901 570804700 192127999 89402050 149413347 817445182
4 6
785743811 306472360 32401008 806430648
9 3
60995294 49556474 5226629 28836937 143817248 634386500 588524463 583747310 946424577
1 5
900879733
9 6
280385729 845535549 220643234 23251272 231587056 374686834 299444501 495628341 605154376
6 6
45993679 782778463 839559998 253429608 45149085 295819914
5 7
785133595 847328908 204983988 268645517 452691916
2 1
498885457 532817617
8 9
304061954 124570442 905920622 921899660 686293716 508647647 29890300 337623496
3 6
907490411 990864240 7024390
5 8
426636389 458976176 584014969 195853917 368008520
3 5
332535644 808954744 126674164
5 9
634382305 253392154 370412012 454889928 561784592
3 6
134062702 110463217 608541399
1 8
447715246
8 2
49512531 802293662 131499898 94273825 244926355 744777497 51447169 733276676
7 7
828128378 845365535 521762286 180228133 603267713 306085650 158856497
10 10
774344805 729049901 925927018 508686014 478215473 270591806 139974969 878895208 35190918 298506656
8 1
351573576 875033807 281306108 844999214 867436989 112346454 399639416 274218935
10 8
576869945 427441581 972309030 624369759 922958464 26324477 807091261 816809566 868479937 982071329
9 5
47622791 792945804 5650293 470309914 102481039 115971977 868906236 228350765 19162691
7 4
688213827 153684270 88642802 75348301 200316072 85772471 409563234
1 2
868431739
4 4
612056446 598118039 928750519 936624248
6 6
655843571 337360318 610823501 713221551 822368103 621440099
8 3
410898022 129693390 781431402 141555860 359316067 659987990 536602170 519133260
10 1
594320418 437625975 405457786 805529064 796138071 694984313 781306463 73030512 710911309 863750177
10 3
106704845 718624121 336781998 378987892 326415453 509830272 146601386 814676638 250745210 362040854
