15
2 9
182584621 896696033
1 10
652391487
7 1
250586939 844383586 724940258 303342708 121687350 389351704 597182742
5 5
328108070 459899644 46571023 707111983 921930206
3 5
198761712 541554443 286773923
9 3
253081441 910154534 509880205 28843206 665021189 458263237 687670584 450199785 101929563
3 4
183636057 571256384 952082847
10 8
16171701 883187492 868551611 654638621 606227179 296014061 320205324 864529387 344272993 597667819
9 10
446041982 850858701 265314609 276374233 468172637 257557120 528949195 282858390 617331811
7 1
931356531 83500960 634543772 448342356 792132206 208795822 677035902
10 7
954894116 191196044 334600666 422436731 135895425 733964874 361451134 474860121 505420450 542549844
2 1
477663670 520130126
10 4
558697828 654144888 806107834 731342897 531739129 911097795 45355773 74169954 435238539 560008831
4 10
546660554 86220928 417582462 69830605
1 2
632378770
