59
7 1
429979408 500854816 396031912 208812400 315433031 523261371 646173906
3 2
754159247 167550816 569303260
2 9
687988573 761387648
1 4
688943183
2 5
538739176 256796280
9 5
217149286 949871607 984987565 545986365 681506978 49486121 654319582 827121702 932990433
3 5
768800411 477733166 73906791
4 10
572634748 974622639 126496538 97803954
5 3
60629419 166782465 562825386 122110052 759456844
7 4
500403635 289099084 85939505 664951869 403542433 542563480 44611640
2 7
227604703 429400509
6 9
177683733 661786261 126271079 378488726 843859500 815181543
7 3
77585048 489806538 512041465 835031520 32942594 919759181 193881159
5 8
804020220 166971896 685433133 783337008 822660385
9 1
793883276 377062645 932815728 912525177 895815066 648463726 712297504 271044914 250084855
7 3
548286607 383158350 27698278 612292774 439218146 953076577 565414805
7 4
678149674 914529147 454603784 867088778 203045874 492957250 900558988
3 6
495634568 338516612 645199895
5 9
399149769 905768078 6387493 442316368 120420987
2 8
280099696 298531945
6 2
608516391 747587214 732666236 400293463 716064682 11694110
1 8
252235231
7 7
695367479 171273130 832998435 509373718 378549920 772557999 884664497
9 5
999220521 634610057 193346843 645127230 798682950 781518234 478399504 956172589 868327456
3 10
187230693 79935839 537604544
7 9
830688511 790558151 136135803 132135707 564772199 964514632 118528951
5 8
34721735 712153772 971566430 90606096 394357248
8 2
30095341 166828106 261154132 803931447 463061069 885000264 443625026 638368533
6 4
113360520 842531266 31782616 198835603 291095051 983965458
4 1
43498515 951751558 990124192 130324561
2 10
622318955 877139691
4 3
682256480 630378878 499219330 880907650
9 2
61521486 694759447 98556485 702710469 132897154 342923846 606007943 606234605 384716439
2 1
226371624 135997796
9 4
684890675 978376833 488879553 238813254 835541152 529326832 941653677 515023831 631918209
5 8
167197766 298837258 984094371 963898359 489402167
8 2
55913379 685758745 448245296 652661008 467998311 380970465 304672657 817473196
2 5
295014197 279664826
6 3
144606840 316347732 556612893 764911174 438503190 245517238
5 5
954658509 101784500 573155853 280567399 800022457
8 2
747226533 601409767 329124585 527691952 67369691 953761641 782331094 780698726
8 6
506899076 553378641 573621617 285513918 578801258 680568237 18854759 502550445
9 9
335829635 878290952 764240880 643293310 458214822 415739468 390050065 857299459 210837195
10 6
256613639 240825618 383955244 231139535 757278037 490465245 841757261 604333667 174466407 455324306
10 4
835675094 894077760 329810763 5218089 290151164 348025064 404478512 916624217 613603235 973621751
9 10
342259763 943069068 216999137 133379936 761299643 53983346 687405990 631557706 464750837
7 4
162758620 441612064 550361757 721943980 493955343 245062664 329970718
4 5
38723436 503788533 843043789 353359409
9 9
839061538 262335717 203365049 565844604 173701056 352968269 552627361 151075092 535997970
7 5
851840908 731847860 680932511 438613587 103940308 883958078 838534935
4 10
943561960 19735977 330746101 353821989
1 1
265189286
7 9
963765258 368357228 932498367 710719806 35935911 443139226 783845087
2 6
260104226 65124310
4 6
116029594 837319251 237760658 295428495
10 5
183204264 52499043 455393448 874238078 428378902 765478937 746038219 131013573 876210070 861300087
10 2
190406986 435781876 17659539 845915062 755315346 358900116 323581666 272910897 889534635 555136236
4 3
630344455 198228198 486752103 683889076
6 7
745142252 779769060 533229211 255763626 712160091 212317406
