89
6 8
567880906 32451663 13649050 518442466 779522523 659868996
9 8
606304792 831296459 780785434 448791924 532359947 7881067 400431763 584783094 875915139
8 4
23551460 94211368 109563838 856179261 71342008 576235335 369294344 449563197
4 4
832923476 81542975 561946283 459112098
3 8
531525909 291326889 271600986
1 6
848825706
10 4
411881258 652540575 325852398 606743376 52210014 612834844 907920421 738759200 375470552 332889361
1 1
290615545
8 6
611072169 758182191 343676215 713856223 361331015 139373950 641215627 158780351
7 8
818337723 792661179 334909291 956856425 507290013 224001709 392183695
8 2
709850264 934596049 111790677 994267696 539588707 181539787 100891892 891048869
2 8
768112371 195830787
3 2
202172030 982145984 824842703
6 9
877042818 285036908 500627087 728314618 974157571 878806073
1 4
767844058
8 9
128816830 791289983 866481821 974561052 295230161 296017270 379200755 13736682
2 5
5673582 840505388
6 10
192016678 759410209 837808706 634400731 144937206 820250817
1 8
138853982
8 10
89385580 667548502 726694977 372170400 295776009 723801440 944434653 927606969
1 5
129986549
5 3
9561026 766963493 391447883 417593544 276620883
9 6
277552353 979733324 272281303 225187277 453024651 625847875 574983319 858808301 550067971
1 4
949753172
6 6
351022642 613792486 912747982 775599878 224003408 243907035
3 5
81326029 296705506 246114779
10 4
152106638 455785713 777172674 881416278 335295587 476047719 451479478 737225122 423302938 960229201
10 5
940555636 91500416 18167719 551550808 346245503 976296120 748567555 616858583 662371058 255327849
8 5
72527369 873019435 73939487 351700357 192633157 256341729 410848532 674890241
2 4
658488538 320324804
3 2
494550029 743777238 16416747
3 9
119691320 239567393 8764641
7 9
741021735 403218785 175346047 618924932 851512553 154359214 41224457
8 9
511447483 937586364 103968096 499102725 42010391 840661470 431557345 613696407
9 4
55673477 767378784 963968892 685687432 336213841 116941797 348811562 844510923 565878897
9 10
698908165 127830666 444139090 824751322 35539381 420037779 443893841 73357302 647616196
1 3
54245992
6 6
866473816 856630650 736155422 590161945 206849365 65145029
2 5
629800924 872774984
2 9
476467509 877541619
6 4
994934859 200347444 131421904 339496103 688063969 255921082
4 5
47744738 649175843 375498918 754661349
8 10
261616775 608364787 360244540 430115508 157631309 331544319 270006808 450668900
4 8
602794568 130866039 401688457 236781804
3 3
503361082 813673957 583469688
3 9
344310399 883203578 907166846
5 2
848290374 825722204 886705971 441686406 334580133
2 8
423280105 585172986
1 2
59747235
5 2
765853585 898388737 266441784 416372170 699467534
2 4
658158989 339671711
5 1
927614576 11505236 91858953 364201077 903327791
1 1
543508218
1 3
565001769
7 4
323815801 475602208 105840239 383703530 83474695 303146519 451015292
9 5
983219595 520620843 289368260 42736469 342377847 641783613 795649733 366013218 761967549
10 5
691532357 619964116 942409031 20741344 207343840 224274960 756839936 730076898 991640389 429498701
7 8
291109555 548247210 185410745 185628203 779346490 320401530 420515407
3 9
881851528 959278133 896924458
7 8
702387651 603196611 478327773 9070263 219490517 161699670 519990395
10 8
401839189 678909151 578933114 964013 150811175 209190718 156080657 15692416 168505532 856144732
7 2
713743240 930139425 198956379 353104778 356186196 724499815 155312806
6 9
855932302 395095859 226000918 442541783 209872599 611517451
10 7
323200307 390829844 580467762 537506816 508831402 238787232 576257478 867700423 947742578 595816870
4 1
765387389 711555418 83836507 604709215
1 5
661268616
1 5
773968562
4 2
756065117 109987922 259243288 11125582
6 8
388615901 662883159 316543474 617175067 708982069 472090590
9 8
31032254 992339853 736008814 486825314 350067407 550928875 435488540 253962728 83245370
8 5
278244286 839204041 840118293 171194397 388459110 128374788 906727440 622126041
7 3
332899531 121849509 99268571 607446360 781432683 889917709 468517227
2 9
363670964 255143376
3 5
782727613 137993527 239473570
4 8
12762274 429694287 369056597 436475443
10 8
762270134 545657596 911497670 324891406 278146392 570038533 891551554 542801994 737332095 441659295
9 10
533941600 395429908 697214490 811881381 475898377 341412393 724602647 100723968 846076796
1 10
321913372
2 3
845843104 590559706
3 3
388846270 594668043 735904821
9 10
860009240 378497518 203460828 666496116 50599261 835297650 680758186 954877904 360577574
3 5
433819462 577051700 375439649
6 9
557889693 487248264 52268555 532402911 377288981 423526299
8 1
492968059 594691219 413706416 31417272 923853008 586502958 291149613 933625946
6 10
597584092 687527711 95948123 41681928 759845138 874778061
4 6
782494340 270369955 208886072 628202027
3 5
529782272 410518924 532568985
5 10
801612363 593852371 216861976 97237637 932770003
2 9
524227254 936834549
