18
5 5
503326381 441772044 913299583 519758456 163384827
1 3
930827247
1 9
3817843
1 1
274015008
8 4
539194425 301057001 652602077 339802422 789922582 854759975 781519905 432104012
9 8
349411344 975059525 206542223 158706161 926384353 662481579 32555906 476249812 619080166
10 8
332384231 639810198 534586078 250421909 181861015 486351497 296456132 533491023 835182539 444955209
10 3
622956732 393668016 277110190 908138154 935607034 676502899 120372206 464432075 498065348 133991520
2 7
798555780 647082320
2 3
539917106 708626722
9 2
102375859 369773456 182535796 661902274 454050545 666156593 983906831 501746887 47335299
4 6
231651595 806873973 356863879 876681032
6 7
532376780 750242324 237023877 569475404 790111287 489262225
8 6
602409866 463021646 484817033 254133988 523421754 104326431 969784243 901231573
5 7
152040967 491946131 709374756 726915202 129141380
2 2
830126782 23731564
10 6
373217128 782892255 191954038 464047469 722334070 350966282 2405530 507420155 104398340 460487618
8 9
563274786 487025093 909349829 336634949 289088686 476357080 915364580 960690547
