63
2 3
861989061 923245999
5 2
231017356 547252535 150720397 695546984 899828657
3 4
693480754 72956304 210210438
9 5
982839271 746301620 404164327 301863941 431133776 513142669 105860244 615864086 934997583
3 3
599092568 715035359 693506489
3 2
868702523 501623366 548588893
7 6
403893729 844102414 105249789 813076486 965633203 177252234 27606814
7 2
426267668 525093995 856544193 800675456 706647102 522690503 921973145
1 6
863258117
4 3
74266123 874526713 34451020 793726238
5 8
854758890 561466830 885446187 970359350 214218493
9 5
586230344 329281821 1948140 18016181 213169462 602433078 382170928 868742470 583833607
8 8
126555264 5560262 716365962 728527325 681894770 696982009 278474673 900365889
3 1
383671068 721443901 608530592
5 5
257455606 370164049 909144356 782826089 416163464
1 3
901831550
4 9
806189893 539502658 997705170 964120228
7 1
945705956 937392599 458357802 760803749 799225510 873122328 612258823
8 1
642405080 167130403 321733124 605371732 230330579 732263379 292312427 913321315
10 6
691451207 375413341 662127422 504677571 64368936 713527598 47145790 709820897 848245485 850510129
2 5
805903626 547558666
5 3
427702651 683561329 126839449 95413150 223950010
9 4
601551661 292407339 862141410 492739080 146477345 332959841 366323841 197606524 829962791
6 1
338135709 644325765 199340342 680051163 143283647 400402623
9 3
178069349 969000866 749804073 386196378 622774082 610013128 129998624 180999043 585985688
1 9
619481475
1 8
844866118
7 8
181872264 422285987 189650753 392577891 935911544 69490996 613417016
5 2
395751020 629158423 100723994 145440321 884716262
6 8
346125401 823971437 73387954 936348429 559188433 484366650
6 1
203163372 181215709 526447048 628778459 278993 11885237
7 8
903992136 101523731 853946982 326905266 89767669 796305449 289598467
10 2
762070893 16455000 817126501 773454814 929009888 286435802 91808256 718646363 707699727 269817453
5 4
754541987 232925324 648305194 924603891 58767173
4 3
870699952 178853739 532207506 629655707
6 2
281943199 754976015 123451431 158062127 600904770 407915999
5 2
162429367 583701582 778393074 262252881 414637765
9 4
23599881 397675736 11861446 57222098 563385796 187500860 789767098 303398710 740495711
5 3
321855488 275888676 769027223 490535956 342807371
9 9
555464424 225651645 262905117 104644983 1968220 994653330 974101190 558674056 638619960
2 6
109645651 249741422
8 7
307505200 381518991 730413883 309917378 379793008 819691875 603693484 658106193
9 2
909205197 945252311 93869918 351344626 17335213 160530943 152477446 389599522 480440672
2 10
171787418 377994386
7 1
652350611 14764132 703001913 250878295 686120302 746129964 162575742
9 8
869111597 959390145 664415665 601409279 247932723 788547564 371770545 799418034 15022673
8 7
272240524 8600382 216641712 671143375 831507940 15304854 793622731 621463833
2 4
631411431 110811030
2 9
832827986 557157169
1 1
554310297
8 3
312175026 988391648 423632614 8272967 102858753 922995652 339765230 341254245
7 10
706050282 558579159 883323155 951118856 426872169 199571791 847007367
1 4
70882927
10 4
653072221 537279376 77898866 517044944 177899759 577015659 610554748 752031035 510034132 733635707
9 7
349834247 365889455 345858458 794835604 268922389 574692804 525134994 543524364 637840778
8 4
457560251 64143367 131523956 390066449 355132521 140789167 702807234 548696602
6 3
263706175 475337292 871224105 819024501 653457595 994547008
7 1
330995080 157539666 710989794 728843439 245726191 203129533 187665827
3 10
591795372 339309984 383412188
5 6
299256471 67203169 669520145 307825887 662743041
6 8
58888925 130181992 704706465 457585025 332316087 151436223
10 4
110035052 8962533 68120542 908612541 507060190 61801038 168189203 953639620 78060902 243972351
9 7
693861125 650939861 486434197 908396175 847138263 586477226 836714532 281359503 855403853
