94
6 1
818937548 276238087 92543042 667615903 583032521 285085542
3 7
964810243 963456535 954403435
8 2
586793380 397420225 281997629 619541179 879642063 248927077 619965985 359861414
6 5
783968620 56648764 395828726 258975077 617803302 110902585
5 1
75217189 187676909 23211888 232285917 677673701
2 4
886847251 699225841
10 7
538877610 868415039 388239509 896787066 110456644 615313866 397023765 398142657 594833233 866171179
10 2
590766562 24756136 306813116 131265271 44119204 944794274 492853376 257787549 521860034 526628450
2 6
519819174 869351391
3 5
233804697 926695596 761557408
2 3
363764055 876502967
8 3
827548629 615736539 329271676 253271449 68371902 883308724 135131342 766502897
6 1
475244239 329949630 962572719 364847117 278514037 994087627
4 8
429694289 834785892 766979628 132187756
3 7
473715022 500700941 54296840
9 7
982865058 239909506 532748401 183450335 940205060 979699467 483464561 851692922 317331835
6 3
799115652 9405430 937938524 77903641 465245645 203758195
1 2
820367959
10 1
585708188 492656173 967673907 110440266 947667289 491078855 448648902 366418583 3958820 322791826
2 4
241502020 370595564
6 7
931507301 96608864 278471086 560602013 759377888 642070774
9 8
237836009 685652240 245625031 7617025 606846024 534667951 636011411 656726969 255516062
6 2
797847587 64785816 633140810 643421960 856073412 982829688
7 5
937615206 470259627 848819633 778520518 721294901 824108326 289282140
1 4
225522944
9 4
821750339 498057417 234516414 932590826 513814177 750095617 984043248 492710148 310204934
3 3
630264845 388046922 662045515
5 10
83539673 953033694 36880007 174188322 117481184
6 6
631614184 875854768 572269573 545448149 615209374 93725688
4 7
972104152 776099288 752594191 237836861
8 4
586581855 799332225 417236900 168159965 814692654 181458679 705738176 483369008
3 6
687318384 890405974 441569068
7 2
481172839 47228573 28255494 936459241 964616996 138456361 881984059
9 9
12020099 354417179 670260365 945350520 81097444 3181930 963101594 675339595 283243292
2 9
681619728 250497651
10 7
789613666 588447884 289196554 663445372 619215675 245073443 663600364 489867657 813331430 271189442
4 1
4052476 932867344 692624829 379348981
4 3
383717554 175400023 347169306 593572101
3 4
737221582 825073458 979326416
4 1
795040093 988216605 279838959 926258421
3 8
820204051 951082341 338697650
4 3
373407983 549251440 970801950 247179379
7 2
606164528 845788617 196250828 73772100 826229201 953043585 953350524
9 4
469617912 406885080 130329251 406363510 557934513 777943335 566718219 451735170 881244621
4 1
131994362 28471837 759948828 814851630
6 6
417815244 412210402 276038833 593987926 172679106 154546424
10 3
366132171 970698380 624565761 130638119 465739634 828236441 243628876 277551471 52178766 665704172
3 1
118772908 49199459 392731175
3 5
70814548 547236126 36697756
8 10
568469232 903315345 495917678 279569315 52907881 577925397 135963459 241150188
8 1
510913678 140848924 730230041 187683403 752570257 592881306 763496331 485145787
9 4
661128251 726939188 890417221 102836411 380238848 419113325 693667188 638701490 96768812
5 8
13060397 788471504 80359838 733481115 957309185
9 7
664664871 557734659 175808861 229509954 357759594 321956005 865039246 918515195 477622078
5 2
896867625 701179665 362017081 565782107 674320449
1 7
39715724
10 4
949443947 53818628 672738643 495829414 567620622 415881882 345880275 233064298 570960678 525717419
2 7
620125401 768471414
4 10
940082451 475554656 279574278 488241940
5 2
52916456 117894011 345192757 327868233 473422882
1 3
823471960
4 9
175013665 264805277 939868486 214588351
10 10
449832870 516088573 702250369 230278118 59664397 648612666 850178904 773534298 371173107 269198808
3 3
913788432 8562710 859058389
7 3
222324820 886003165 223569883 565530196 172584577 59605862 764300818
6 5
611759244 579077670 166845676 65851548 962604358 8274895
3 2
376431425 580681111 276015504
6 8
802550476 74097663 9338639 162446053 125368289 10004336
7 6
654816809 226504887 910305472 981897962 536770835 881971002 846437148
1 10
707429275
8 4
125481030 759843395 798731898 805786911 597378660 379255083 169796719 285665047
2 9
578864242 775808845
6 1
526750591 400205201 247307240 751331734 40635466 634085521
1 9
34696544
4 3
496498807 65267191 865757677 764758926
10 2
886326258 943559444 254686449 828682371 905531385 909680942 276323479 148392800 748318851 805686151
2 9
60576221 276629461
3 2
814635863 5750696 369919766
6 8
69151383 932006319 920552573 364078813 271110527 45165184
1 1
111574424
5 4
587450990 177390630 59689498 226187313 405219345
1 3
34986417
5 6
668948064 907555194 969664915 240081973 373425034
9 10
272664027 670871256 279716960 877023508 281161130 820202021 897623912 802288226 948720498
2 7
118966325 635041445
4 1
322726130 693593870 184536580 499979510
8 9
411536805 928711523 303559477 221689413 743464401 343670428 568564172 76516674
8 9
360745973 88111329 237463112 146481248 965753572 859330689 817478544 46012380
4 7
111986675 837660348 97948659 316371936
2 5
414954089 542500551
3 5
677621745 11640353 987652256
9 6
874120557 813901784 327589570 541980660 526402448 107025722 210136443 757888026 270496418
9 7
197548935 649389186 841922123 993868264 498502699 1451930 967412730 44948827 725791938
5 9
198910942 143062153 726748554 801002661 215508183
