51
9 6
557023127 55799287 943311328 18297266 857202923 424493563 649639165 58650787 219267691
1 9
34252179
6 7
309327012 195710093 243017269 734592973 168853981 211038325
8 5
76969040 145143665 63822520 570759425 495050028 890388931 988888825 678473140
9 4
218130168 537146758 279581268 968909167 479554071 640926394 9676977 356592550 163552096
1 3
924219989
2 4
472268425 966495300
3 4
29893032 49178506 634302037
6 6
888274222 731186676 937485677 464329258 466780350 621383591
8 1
251993797 337126911 636979005 852364450 830198415 425541948 269221917 645496745
9 1
293164410 921247502 983871238 330561458 286214775 419367956 564793281 471292922 423627794
7 8
151322076 833154188 431995786 377454393 929329541 876152060 293069622
7 5
525290965 524318983 29858693 209630284 698789796 454821044 944300858
8 10
752552210 167464005 949998425 517590917 114983084 202690144 377477276 609214969
8 5
7379674 296300540 766353164 357180765 746330995 343242659 207642567 29585126
7 5
160341751 156769273 510048421 768912452 3535777 534455163 795941335
7 10
37935660 690223309 854790881 112905955 168610179 533159941 971254341
8 6
541659663 471673031 893375180 632283088 346934144 222074855 319524585 5715151
3 3
909762166 305092553 196741029
3 2
56774686 127811626 823793954
9 4
288330324 918931261 525925823 10780332 715538680 123664249 646144769 807529555 574703560
10 8
102069431 37824063 829624826 844808520 632082650 966657868 625011262 939542827 318808899 33974014
5 8
527390307 629240843 186224360 539594270 752839533
5 6
402883735 934897713 781242245 129218075 639136424
8 3
826932366 956964675 118833139 182422979 117991913 304070912 5935548 546245462
6 7
513355969 487158384 32258925 914847748 624638601 259687443
9 10
354050187 140565144 631403408 805394196 717316030 410612909 872644811 858383305 306728680
3 1
356395041 372380496 851798278
3 1
506318898 228984703 206065832
10 1
286405871 714848928 211290057 956973164 565329920 396075013 684569898 612507286 985555960 593000769
1 10
125041789
6 10
905027851 113545458 879022219 905624310 875610218 651870901
2 5
899732523 591555925
9 10
282461770 838472752 916008777 404723988 200569788 184949199 590796779 488249865 552870190
2 5
472637198 997562826
7 9
902593474 166454810 626684093 337604302 625089019 631835261 131489844
2 1
205357922 312146144
5 9
148082417 85396022 445879826 706877509 941729429
9 4
638529147 747980938 199314174 458104347 697893825 172199851 817368374 696476753 883523798
8 7
883058558 780694099 799818287 364949879 408733936 848982049 746278078 385490229
6 6
348014168 607689732 947784634 529759935 24340020 215761675
10 6
50332858 220362970 410259671 399073523 838517298 647623996 790630191 973818843 379271988 3849403
2 4
668582219 953561215
3 8
361774988 859902798 627798287
6 1
149700208 356177874 568788212 414809609 948006451 165645622
10 3
842569072 483366505 699455981 860989284 647813237 333164475 983875952 240272954 741054392 487341795
8 5
650208623 120276862 270761514 596767224 787717961 759336182 513177434 981877339
4 2
462284962 375422281 159233 498385831
9 4
618198075 934481134 873665845 957915465 376005970 294799026 47419881 920167294 190546178
9 7
558333405 764174237 566366580 297808007 804058901 235132058 753386110 244297339 765682107
6 4
619924584 283509895 137027081 578617132 652910385 349519553
