58
2 9
754491321 690420313
9 6
316770319 695069382 210574741 956053699 23695816 694700361 106995240 623494912 465533837
8 4
938504144 934134075 442903054 890243573 702426758 460705270 320001882 863006471
10 10
854087621 49684255 447472286 474305205 449923297 169962728 49484268 354928943 163523464 409095308
9 6
89368533 462157620 647483542 698676506 154677974 347591173 111560646 898529400 284323067
8 6
989473441 367916095 939114599 784676844 653497736 987199702 781511987 654726721
9 7
888639056 492088792 614525778 798430209 582871013 865913269 782631913 5008598 885718338
2 7
217837142 508892947
6 10
472084655 799896334 556070442 262513701 52364090 826716425
4 10
90618054 405896830 485417984 180878142
8 8
56112885 753775223 226316899 637884735 682451479 695554144 772655963 656633561
6 3
901178847 662466575 715592627 746528683 762532654 580135275
3 6
679711731 554023869 803258716
9 10
932999035 395056779 671697407 669477833 965805241 822298025 705819425 88162948 947460751
4 3
573147877 328298650 727742096 749814668
10 10
190975076 689130198 153086175 443805203 164622538 136161053 422526262 655388637 968194515 586592355
1 3
490606796
9 8
704126831 682971022 724533440 828816813 239916820 83682783 897477763 739460216 249695520
8 9
501207081 997860643 367332637 822402729 960720180 409460271 571306419 258790064
2 8
528099685 284975831
6 6
727880933 55991575 207229765 995258053 881556652 526368618
5 5
115739382 382610410 135141874 572189128 111725802
9 10
410818329 416499921 428661618 13976773 142811005 563807093 914351525 973132858 170863882
5 9
213914193 999094147 9331909 582806073 817908634
8 5
57895122 4613183 736518702 197407664 158123265 598270102 105955942 122891235
9 2
984491031 105834934 183215911 422811761 916506325 125328388 970936704 947532052 578798823
4 6
655555636 828761293 320126504 561592144
2 7
408664818 641593143
4 3
216832358 156371114 579685175 190105363
9 5
300864418 296841415 245420643 395522846 879227960 439326925 840572757 452844556 613224519
9 10
983822398 593620314 768815314 786935784 325001467 658835477 114526680 148433004 394190360
9 8
880208092 480017299 216161437 174269776 38183302 516334423 423668390 472065470 614761325
10 9
298443805 502224106 401930842 403195360 219261343 337206384 807558663 345594335 689448684 841316646
8 9
240074447 903543976 840374406 499205587 381864100 166327867 235173325 695703140
10 6
394945690 508199759 155514812 560022281 350221346 226265035 47242125 378855010 438372491 433252817
6 4
867829687 71487262 414546743 698564682 9054695 983534346
2 2
77720230 724996204
10 2
116148559 232153612 410189594 362783377 991809172 705004427 368850257 396672707 631445489 25850155
5 8
492422637 552302494 882740512 987930395 720584789
8 2
188998205 762024965 103345280 336956749 187080035 158778660 898933933 181570587
10 6
104982382 874216055 213435228 136271402 726895033 32814814 415203142 519566144 172878470 144651330
6 2
453205431 896440918 748808400 931726992 297528630 503321782
3 5
359224924 939006363 93396371
3 1
701243193 205096262 633657963
9 3
965048729 683480360 130986531 843859311 911675061 75114660 495482796 135803211 952455242
5 7
233964459 439134205 879479610 890447449 340973757
10 6
872375207 12438597 324588519 478047564 67679669 305765557 934870738 635235972 913490916 864690831
9 6
201382859 318718123 626145758 90176240 412925654 857801825 621415282 42206568 139256470
9 3
460806163 883657410 668936688 170873081 567460815 375860436 151394099 870386056 403120899
4 2
561594580 486449039 902580859 481786025
1 8
73693521
9 8
669467051 928028845 212269136 500931717 136608825 457495581 89471178 726602023 308849949
9 10
192745575 182102342 585124445 67771883 566648963 559992223 330717283 148989186 843296553
9 10
289077941 647198335 331021425 379218912 483414431 21070587 420161448 941922570 239966227
10 8
130971174 222451189 149514056 784040338 928428517 952115245 732225409 544304681 308253333 423909607
1 8
585498237
9 9
694830283 782683205 414845810 676008582 420803283 818163387 534264999 480555897 276363020
9 1
45974227 37708448 994375374 260580016 365135450 612321779 207950692 451084290 583792049
