16
10 5
593030905 342445104 666600265 506056693 341342174 316455116 65835833 79082239 322584651 963205477
10 9
566944563 95678386 56920887 553253222 884326523 650768575 849028606 344720501 535264241 162384680
3 2
500653889 218253170 177180564
6 2
967812972 478711122 253997207 350832632 737540010 521728317
1 3
150216522
10 2
447714794 721887753 825124195 622402598 856868361 909067919 107890110 166340753 205988553 444446710
8 8
235785523 213302474 153768188 162549689 711025999 718608413 111113999 458009287
3 8
451827274 634844911 620851897
7 1
629159911 93968839 672200102 239504221 986277303 959894724 947400895
8 1
451348022 872807629 478065607 365503398 468656365 786543049 232362454 166868737
9 5
499027884 819173101 548406314 570924804 188433881 567673821 473611137 785366331 680082727
1 7
170666878
3 7
85839490 227335192 818454468
6 9
650888456 232711573 320013607 778464882 775523935 688190300
8 10
102309973 236563156 94649276 666382409 367761674 588176383 935212464 566183478
8 7
615887799 669113202 195399896 717377508 131575669 87571527 694075335 960096448
