95
6 4
463884977 439240341 406962153 892088797 130292925 604605574
5 5
476009952 758826495 144354814 116906992 108918021
7 1
988845927 963671802 256440847 36124305 733976781 383261247 203924632
3 7
382169316 352300882 71301924
9 7
510171289 137702704 886171530 44175590 84706667 150758076 864728777 587665545 90794157
2 3
373162605 288964396
2 8
798499887 88373383
4 10
513998941 619000315 771856428 472428218
5 9
437665202 846399986 147473267 418038869 895337097
8 3
688970365 820312807 164775503 780860075 581377438 942572878 965440742 54554536
1 10
257670802
1 1
682062278
1 7
270982009
1 9
359966262
2 8
20992858 793539418
6 3
990427847 378013205 818421085 943591189 566018579 500662407
2 2
726718898 213208691
1 2
779393232
8 5
727238992 606702507 861854684 136461926 792612257 425567901 259766772 347229336
7 2
374075056 265305921 524821425 216065723 953658279 585677823 792511395
6 9
939270689 472546177 171273444 876174336 96461187 715819069
7 10
986579701 89843038 622011056 924336506 382098054 102755757 785358474
7 5
575538989 78378248 196712808 946233837 353681786 760872713 449327656
6 6
360959084 616783857 281122564 872559230 969436747 526640176
4 7
749453394 652750332 466054522 159299933
4 2
505984584 252666492 214820776 752106785
9 4
881124582 369264274 53576021 597010036 14792958 388177858 859523978 164275050 641020222
5 1
781819454 809706310 324696369 44261031 286032983
7 9
130607299 413530235 467329060 617596948 318685530 490005316 872400123
10 3
797613744 838236048 207748325 186923809 651779653 904223358 686055777 613869675 454306563 345599190
10 1
633788506 674914048 151292031 146552749 420314717 691995532 737912796 172571454 844031375 868142475
10 4
459081889 198361605 834608883 537392020 258654960 695525933 665136395 661301891 216616666 416011046
8 1
250771632 752645389 675223630 624729152 70728657 897851408 874531100 821516177
9 7
594896760 975662054 222022215 440113328 372766534 826360520 330198417 533291291 821073483
5 8
721414174 802428646 793062854 685800466 606749953
8 9
798464107 627019478 303924536 493091596 712511689 632573056 197239119 166854965
9 7
322648152 373146207 777659208 400381406 931325302 518279428 595574149 899633769 693768828
5 5
613630914 925482952 736440691 408560491 816461970
8 5
602657600 112119915 109182923 400769156 612260533 565021204 338913933 938314374
7 4
978082989 320860563 778476876 521736332 670575844 669553412 470091176
7 6
235824049 449639768 532429157 132401570 577398985 70432202 259942774
6 10
410376555 941509275 792799941 558804097 512210397 674506655
5 5
453371448 585673666 792190625 395685292 461257595
3 6
677687943 979229314 166231970
3 8
156631025 7979518 569372786
4 2
638460225 843928242 555850771 466922861
8 8
972078190 680166909 850530052 183335623 444426395 899136349 755304862 628003511
4 1
958472795 950408749 778981715 916677853
4 5
490359784 348852318 353053510 600862512
10 2
687305561 657527967 519893769 381657307 954120543 779506759 74963031 21658905 336442465 518786579
10 1
668356882 922999310 851876231 397334746 937365262 906951646 560096561 828111637 398184196 51576046
9 10
939580657 599194353 621983312 550263280 504952633 888281706 324101916 285849914 997727537
4 8
439823681 35422234 58233435 540529968
9 1
453634899 662438839 759041148 143157975 95782035 714676865 586706177 205172188 748445656
1 5
112306889
5 8
286529326 149966921 243213939 562054633 791874246
10 9
688755245 319631292 496211593 464963282 139092048 409141005 363042082 938506342 78615822 122610982
6 3
740668293 586123591 660337384 880113754 495717335 711935746
1 9
141355223
10 3
965189690 735324576 736306451 819936450 32104905 31091348 792061229 371126904 66308622 201979911
4 9
515736208 164469062 394580030 619938421
2 5
432613504 634140581
7 5
774353117 437836139 438371729 101977098 441013835 163333616 55896550
10 2
557417334 756789711 654013272 350269355 969017755 415549938 466825932 488001176 650802322 239864499
7 10
741184953 343122998 67876565 756603037 370105149 248357290 673457498
6 2
16190008 698633287 950246397 816380232 953746307 305743418
4 7
920900053 314688800 121705842 231970868
9 4
799158957 904470723 534491362 572700500 186295821 22678421 292715857 860215544 678144145
2 6
349399868 547190234
2 7
858441926 635787216
10 8
565134184 436191592 593868419 36270214 422150366 450483205 404802899 520990270 114201940 609746020
10 6
863347129 765116887 578836002 575666918 520104569 925089154 927693229 796932079 445734075 268791457
1 6
632539722
2 1
940691709 363985805
10 10
741007046 661314723 509070103 43430337 699353810 706163815 190014923 519310147 508075493 247283984
2 7
442366318 889110211
4 9
497178444 303697991 127176642 670578880
3 3
785341835 183358274 609466662
1 4
824698423
10 2
371920896 34222422 947265457 277823534 987042373 860562497 73984225 490248278 578540118 498675147
4 10
660510948 347103086 11889499 780434784
5 6
475837262 391854654 273149166 30928767 77147657
4 6
79351260 62873256 698664298 519982785
2 4
896768569 405549205
3 10
596002759 172692194 685931480
3 1
77908097 340322721 417028595
9 1
394520319 88265310 72505770 835134146 721322385 235310208 412721335 965657454 538497454
4 8
643905917 592177173 962544414 919817001
10 9
356562115 676679417 87474389 296771204 470445968 23396445 672500267 177481882 340478497 524290285
4 4
17648097 125865622 348767902 109515156
4 7
685564334 579787356 862302535 800836067
5 5
444489905 146024445 582869238 869450980 212789989
8 8
537144974 351957836 783455538 734739939 245610492 284156662 844634319 208141438
9 3
607526803 125442796 238007273 966172724 288931482 421938487 653607386 105469421 919564108
4 6
566613317 569388279 87683772 242844932
