12
6 5
396177200 404723018 742722233 407860363 159997661 957628412
4 1
380486726 285218678 313410542 980142832
7 2
765723826 167153354 260956258 583693247 531783503 828548702 872672973
2 9
788364228 309999751
7 1
368926931 858518513 342422324 110498757 780915776 655125383 184260992
6 6
103626885 316307805 919743192 98182030 163156734 170419272
9 4
240281647 105091450 237620228 296382837 303791785 224395930 322329974 995389150 628071348
2 1
7185871 564010537
6 8
385013061 66870913 749589524 79935808 154889895 725592216
4 10
346824794 106656874 540736939 812912444
4 2
328066676 795774317 678741273 483421826
10 6
814758905 76792165 739982310 966329160 938573946 815765629 120914923 772947387 739826452 686223419
