53
3 8
540979497 271987624 493000741
2 9
840274124 892671983
10 5
452872676 634708446 883158206 653749647 488625699 59070162 226118524 458432096 936552297 27374033
7 3
584210884 543507105 209562087 707341603 876122663 931834606 181549952
6 9
695661727 229873241 645467090 548971170 211910510 460743101
3 1
449299796 349325459 889092478
10 9
902252839 707241103 173859749 840197810 171283872 403680825 888736730 404627715 554127699 295559323
2 5
65876728 605110650
8 8
323495453 502742158 227761853 495266093 55805659 551158416 232123652 616890948
9 3
890932140 441663370 906343460 850252296 286323360 809214238 578765680 642254552 820885711
10 10
302579180 789700710 427776421 457791299 907817118 235415164 526415402 786683748 197505517 500807882
1 6
127201753
10 8
719953890 735550132 407752838 196901819 54319610 135703664 618919863 588445705 973457919 308290323
10 10
279290664 785603341 470203571 254484645 717051508 179973725 620763849 527156093 327173637 751472292
1 6
579620099
3 6
53639664 337277165 41828638
9 3
529455956 487185878 616306763 558703204 125550928 817889131 823273332 241486033 312926616
3 4
694273583 240372217 167777355
9 3
572478284 52773788 775815010 196461342 279691267 518977135 19619577 868107502 153132746
9 3
168122243 444875668 366150490 365892659 749200208 699253412 507242569 241934008 542049505
6 3
264357221 825284912 827445620 231476406 32036368 985132576
3 5
621439186 654126618 260052560
7 4
228977279 993177554 747457468 46235667 852826295 315640119 428838902
6 2
707081945 112486003 684061097 638930913 475428593 490386166
1 5
754910024
2 7
975467128 493924195
8 5
900325440 165972059 911690946 475465698 288410542 486091991 851050582 448883800
7 5
206857162 803715624 535709524 212147424 326311500 706550986 870487812
10 1
986310511 991712308 994281123 630838337 29598158 608521917 537998955 785268662 45345378 632261877
6 4
137330853 919862777 701531054 953807138 851072492 325802673
1 1
111621668
7 9
44112473 844026318 658872717 373270721 825871860 510828398 173431352
8 1
782155942 69268059 452001369 816231916 888845418 239723127 869534163 338715257
2 2
472806868 746042401
1 7
202674755
4 6
156372738 419330327 115908465 271872340
3 3
802212732 143305107 924667474
10 6
128603545 305119529 936915610 53895699 136814413 282681805 370855668 676405498 479049907 596078612
8 8
599951626 777053908 984018548 58882567 858170977 453152752 947740674 90759978
4 4
541475120 731871424 674027377 480021276
3 4
632379075 65251091 79807460
1 3
221530670
9 10
453607205 330506872 827747684 984848293 176781048 78452660 442658869 848104925 813948183
8 7
681831557 903248670 680330916 980052350 18857875 73946183 100103364 782211491
5 7
294490858 621456262 254298846 987687315 112681931
7 2
523668240 187645500 97084020 410888110 289760159 991311944 444340356
2 8
542011196 972072248
9 1
810352375 128862369 759529238 79542762 662210286 723089994 100925157 824741586 856052429
3 3
921297144 524429386 53555140
3 5
23206340 895340352 329057833
10 5
663366757 308736761 468903420 132555581 32822215 56276594 579632905 61655507 923148584 695094838
4 3
935615194 424309782 588252909 263662101
4 5
219140143 48161602 736928051 421888628
