28
10 9
237156289 68683354 373488372 546220185 511477286 754919233 863194260 434988983 345937105 206446312
3 7
993624855 936632191 418488618
3 7
371404704 396988322 545406680
9 7
124045807 321183032 482071324 540333511 430657825 714927316 96614542 851841775 77561305
9 5
131947982 79880145 910761738 91837406 670653285 408505896 433856644 459409777 222596912
4 6
722140765 299999095 919090492 824845460
3 1
536489921 477757787 798939969
7 7
371167541 419132867 449336551 162946404 228916706 510059718 806786656
4 10
901191678 878111720 419726276 129784329
7 10
926956425 52778287 913439933 606384012 238471906 247430360 766477643
5 6
205995858 188588340 254297162 34705690 720631025
5 3
746341993 953610159 987829260 891438996 57270175
4 8
41349710 880350254 193861784 332530294
1 8
300352932
7 1
553929912 649524822 375871099 593851253 79287377 581812607 294894369
3 1
60303533 677385916 798383610
1 10
363595953
7 7
119259540 54665951 882477641 542973779 621236002 560261339 471280693
6 8
541319994 35596770 215553881 676864209 142548198 548262085
9 5
858791541 864685481 483313789 476595144 541601605 669465408 12695983 427721255 631919585
5 8
48929795 855646233 180982606 407099639 105427917
5 5
411031115 407798817 328706307 850275207 749453597
10 7
578200466 977706560 156964215 619071293 72930788 217212285 153215794 535962714 16749365 390495165
5 1
435115625 233453454 99067426 658801279 910699461
4 8
657002886 759292026 237079292 764726936
3 4
636483682 444142753 753747160
1 2
441962029
10 1
139776623 305441328 637501904 893335566 480187532 44197291 564302310 114079783 177795008 95905230
