11
9 3
329037560 49542004 455712858 644469506 891051903 192708812 842766026 702005222 312218216
8 9
358358413 470028653 606971811 728005528 440128861 211953384 797592579 164835350
2 2
388231646 945410708
6 9
132414587 538120789 951631129 512354151 129865109 381731852
10 7
560690188 879091709 136563889 23022046 607946658 137468835 101189768 974712201 245125210 471249459
2 7
214716528 780108909
2 1
601776336 747974375
1 7
328893594
5 6
194865571 632415740 700140742 313789315 370770170
1 1
651493809
1 10
471396574
