78
7 9
862211289 737795912 935758224 714025108 317203939 319414160 938151551
9 4
327279664 372239887 323659376 681535934 39547506 855986986 153828685 232933445 450724908
10 5
799476671 6232546 12391124 390351871 256986025 117284273 641476222 302635930 741002761 821843286
10 1
640495387 476256883 854191323 652563920 456341985 203953826 979778184 147394393 924528559 560973670
2 2
630183003 813521527
3 4
848327911 293294186 290674372
8 9
898873944 496705029 704629624 67886267 63810766 655160502 507839757 871722078
9 2
746290447 295053604 550777258 567048569 206995813 271219330 32602082 384629406 329016989
3 8
760701818 938013409 722551247
9 4
382218324 850884555 154989072 278491817 117222526 111325174 630200955 387984025 604439978
1 7
746949555
2 7
339939587 874926425
3 2
879459130 740514275 353343876
5 6
804423888 683234816 977764987 266290892 789688097
6 6
40333731 528775822 792092304 886645940 905056958 974892970
9 8
54629714 789168743 307509425 528393065 495227854 206118734 41615379 512078093 598222371
1 7
190058540
7 5
824970041 966651804 129005941 629152803 299485679 980653413 996351631
4 5
852639872 3908552 827160966 20909161
6 5
121995449 241801141 257212671 201912390 683749768 385989361
9 4
254043440 443194616 839523111 841828568 719202555 478053214 536113269 266566473 551561142
1 5
311429273
9 10
46709350 175258887 107259292 603359318 91347407 41138024 228440234 371625643 986742722
10 8
345775040 986981500 290151214 4939118 641021059 826119635 317535965 879701979 482826356 651393949
10 10
24064640 887820489 69749757 419934398 877653151 793838101 857113019 512049249 494162912 991442343
8 2
286325994 944459807 107040842 982508701 802488114 725415393 799105461 286523273
4 8
538084077 243945578 894435951 936783264
5 9
399977703 332980941 226234793 188727392 392955115
1 4
410682662
7 3
385546639 177450706 334105609 333023634 371145315 309484716 936368774
4 1
685335105 428039403 412285884 590709120
5 7
618006838 487203452 898696831 439227865 541325515
8 9
26836582 408169879 526253430 343144933 800862135 148106322 110178734 447443057
2 3
66535939 392037858
7 8
905878615 186206446 720162665 721409642 646585858 903492897 493106282
2 3
781530356 295614835
2 2
380078725 229777574
4 8
354454324 14683628 371470155 489288951
6 1
187333862 134243763 729847068 237029306 773242070 183489480
1 5
288103699
9 5
484613756 238114902 811842313 11441672 961689820 759143165 132735264 476502147 758751628
7 5
216724860 833742303 500779575 17118271 239290236 848587744 590403944
4 7
420099264 969045045 375573934 329954935
10 4
363560715 822037295 429126634 44391711 107842222 449593311 99431821 909062328 875378275 721408751
5 7
667903966 571635905 350873701 496422205 929142960
10 1
713737579 844955780 597087051 476844254 371230243 604985156 551463853 217022808 173997876 543237624
9 2
223153184 321212512 458565631 388690513 703888789 900988695 479637050 521635192 930128566
8 10
595843831 99353187 230706743 147097095 603432588 818404068 563883008 588313926
8 5
961525237 488234867 857561098 958114464 922348231 583221238 691938989 928319658
4 6
652167146 126383304 187810600 808448407
2 9
261276288 235087880
6 3
262193679 83233155 324384549 599028952 15036 530287529
10 6
900710001 783615932 762789595 590485644 601121347 986859934 374212562 275961419 202166805 553890700
7 10
820267959 348559602 612483326 769816337 617716285 746057310 631087484
10 6
197789833 546031719 791976008 405152814 878189741 258150773 278013158 981985608 631892401 669227046
10 7
285360556 582167973 996541376 348372833 661351060 30299282 685023006 430733696 952878373 165277193
8 2
224283919 564697923 999026678 170041117 447676987 800310063 794872100 89090722
2 10
503163289 785183457
4 8
629200727 310967928 52339969 674964680
5 10
434527507 729347262 950825128 726938943 646500539
1 9
814580465
7 9
549242347 154090992 892902347 284173681 35549843 972923340 236566006
3 9
440449677 526525944 648760278
9 3
809783929 574896338 780318 630128040 662705932 943888207 508673090 531572436 908385519
6 4
416180191 173795198 426563287 422554902 272363435 954843649
2 3
416964153 453282813
7 8
674855844 511145995 178393773 690595571 784354948 888421043 77760840
5 10
332253227 441929564 326073460 626270722 667019527
4 7
322551065 945901001 64445464 360117832
6 7
816531778 794021659 493669136 234762208 491335877 676240547
4 4
880169245 946855897 215115556 957153120
2 6
694969184 409340079
7 2
917485719 343312977 75624536 161976611 955000077 327979232 475321108
7 7
198584233 202993474 894464393 932894474 950440198 732438934 583409121
2 7
382842451 796990952
10 8
967165476 541682401 467866550 458916813 988909851 74717479 305406325 155364197 761745511 130127438
3 4
144204427 78247103 800093149
2 9
476450376 93283888
