60
5 7
637215731 670808785 971899293 721867533 734450391
8 5
291356536 474110905 638864048 101299968 34068311 165374912 940413055 957027658
2 8
867389167 650726376
10 5
952090814 327596397 102108566 467013613 903396669 260624668 812296164 118230532 634427387 710825217
5 9
542685931 138744994 526314759 659756334 853131401
9 1
10300567 473772738 820926782 188410255 880367805 241488876 452399078 914944446 519624443
10 2
706696444 622154765 80196716 307395831 894777166 933067755 197613764 858776994 437183493 854452577
2 4
55266101 587163233
9 7
943347646 483684318 433179973 585642838 278241180 174880352 76639156 423773279 356729605
6 10
396813736 651644999 406346519 729351819 300520020 752862526
6 6
976019441 796588243 880155136 181976719 505111762 846768849
1 7
658503034
8 10
462241215 595512945 432907402 647059400 232883779 276484070 722971199 242426382
7 6
461872800 853653872 589486492 810550632 416479418 444695217 459157820
2 4
976544191 870354275
9 2
677540679 549946499 109011079 985710580 973278415 523944074 373097291 885917572 547427930
5 7
865076973 977546893 663635145 568908151 71990513
8 2
119248584 386119671 174758699 922831233 866346424 219105687 206559019 346868997
6 3
118854560 1730763 808578456 831439301 106347020 397571541
9 9
459078466 163292885 235578194 210706996 46423955 902866241 975436316 230619938 19409704
10 4
968184779 178413177 315823568 157055657 974822751 530585096 250523891 439921262 988248815 457647507
8 9
220501411 538063601 620547656 451504141 668073748 113583472 460819891 787910190
3 2
802516554 528659882 894421121
7 8
579107098 57862690 73465595 997129978 758047889 452019071 800735432
4 8
665532027 471185272 927952860 692972257
2 8
1434265 898804184
1 9
202242167
4 2
258715062 574829583 974963243 798195126
8 2
441716789 375370385 433512965 517377265 507145622 319619701 123648268 452790346
2 8
188557697 569893950
3 8
29769693 337856845 972569695
10 9
421566341 851137463 528828836 849832747 6805363 761665715 937233756 264497926 845953396 181609548
1 2
809609201
8 9
364005773 451473156 798699486 807092094 877713155 401694914 800015745 88002154
1 8
462162101
9 6
511888864 573703358 613257623 132465218 301783814 762944711 821028194 932884603 562914473
1 2
430264073
9 7
19660881 137887327 72926405 383622237 363251864 58620552 590211399 139316091 509513586
6 1
152958288 849176799 125813525 969358099 54545251 617812988
6 10
350632010 515719144 843791521 72845397 451021183 883103987
2 2
417946290 771558517
2 9
201518215 779581356
1 7
283359700
1 10
603455743
5 5
871726703 307764100 898117255 959574388 472206289
7 7
545590371 534885606 218281110 993717855 278501100 855547929 24812024
9 7
110558575 33792576 594034420 768596251 147206236 543579025 93249525 816499434 885031296
10 10
122425510 710346725 560949975 22869941 875564048 403914538 624555457 895064421 927466655 315919996
6 8
769984796 135875699 723576946 630954467 423667361 235661198
3 5
229942816 236322262 859943957
3 1
941854965 498862022 181516125
7 6
118810906 781445398 804306065 566771293 956079676 233090409 749107401
5 4
474970196 173843499 65061318 174725231 283483266
7 1
393442391 602977759 466974001 239560034 795350761 131074724 61377694
4 6
840803792 238057597 345010505 404120335
7 4
860731043 762907483 467793263 1393291 558719514 391342056 217888994
9 6
742187658 396219027 575053808 619409665 134255489 876750899 767998 905222573 935386236
10 10
723681210 651666722 712974363 8135040 684609235 895365566 187455371 296423796 921874268 203398759
4 8
735932313 967769805 140002391 759563416
10 3
50362401 542314040 38294946 318262656 481428353 676766437 817660716 699636308 294866835 977206491
