66
7 5
705818948 499888895 726263776 154513958 822926128 282922703 524589554
8 1
156827523 483512728 61411781 566527361 972540830 404320762 329895609 77945866
5 5
475122080 457279129 495202231 702893899 122926494
3 9
219550599 41647311 215085102
3 5
755872027 976103328 762761074
9 1
318592361 978850340 520636624 848467044 195352710 303924726 119066667 600110147 610652161
2 1
914507165 305939416
8 1
286551210 45051923 118090683 57057368 480623676 277034942 356167841 516772414
8 3
737447615 69465288 425301944 49212364 505209970 138977625 640434433 563460595
4 3
85776267 334318101 963968718 943110936
9 2
707506802 202072609 77401897 70445260 906350852 453329529 88978989 126876343 708493834
10 6
707314785 755634476 933322470 851904395 285064846 570066479 389431504 870731768 843112405 407580597
3 9
427422418 427653234 117108563
1 3
22301381
3 8
762255718 137753419 277533591
6 8
128698898 479800869 450647716 842727243 301226932 262794891
3 9
807614416 972170072 871242591
8 4
451086035 555970309 644972381 177305057 941570685 271266328 459976861 684346248
2 10
737906569 309521355
7 1
238421475 863604899 613974051 70219214 260570255 581452148 581169915
9 5
254173584 283751971 334263983 825119694 340375836 462064698 711952499 309600279 23827654
2 6
85179238 241407112
10 9
709915561 679360760 872742289 106041182 314707812 288967703 765883140 489388381 52776832 77910732
4 6
944426944 364684343 746948115 177212644
10 4
278329942 281008032 521911930 913529245 12507095 106942515 735074952 455118696 524149564 634910877
6 3
865278655 201949326 164766641 988845571 634568135 684247045
7 3
602995844 521196845 32684375 366781918 292286797 434416243 145511194
5 4
992467653 743608516 562108429 560505812 402894873
1 8
287113270
1 2
247742160
6 1
787078615 828592026 912304711 232490067 841774260 58365110
8 3
226846717 31039779 946698649 461469092 666416336 532409943 645746175 949519437
3 9
993491941 834528113 852845027
5 7
834024827 660063354 992560698 54433832 569726722
9 1
684801649 738281033 255590003 128813515 41761955 185800371 964820285 531882971 941595601
10 7
640690881 414359588 831900061 990770521 594051815 630323697 451650760 869777339 500600873 832266012
5 8
203814440 704910186 689404882 551062459 699221233
7 8
185716635 770721396 304932506 727298424 393565656 276944501 398516259
10 2
891620955 630216274 688844427 614247711 22358435 336309179 441165608 868088243 748662654 561015388
6 4
890012621 843263330 629960502 777397866 262903109 562878293
9 3
88313617 85236756 201484251 769722396 429994645 513945684 798332655 869836940 180216996
9 2
557770411 431366849 232277536 280117463 773719542 453543794 247286891 423024317 538015783
7 8
314898331 411774594 789780637 589593521 74478591 861808432 983165183
10 10
344304681 348010238 568740189 296658238 862429245 865508729 81391101 342921490 648767270 23221687
5 10
383907771 473932985 568040629 279521189 170650814
9 3
460702195 671440089 329045846 986016484 302488050 28893185 602231715 25398927 200154138
7 6
59313536 402400952 38280878 534909394 187762056 613847257 122929175
7 3
170855447 349199818 26811538 672452407 482380464 790320107 206068128
2 5
636383037 458115944
1 8
792187388
6 4
296637194 879371024 268493018 588729282 60032420 548202060
1 2
959528309
9 8
128981357 881961713 580091241 464213899 400045567 472721033 30064278 196117691 434498839
3 4
105757252 571369730 671003778
6 10
341339926 47683438 721707811 655894622 440994233 510448080
3 9
49272243 720626464 689705929
1 6
598535802
3 3
447646769 429796331 45394828
10 8
811344227 515049987 342061422 576392220 282619256 695404701 659257907 967323668 420596910 189551226
8 6
924506235 219924962 458337625 475804535 62322887 9406130 551317686 62610207
2 8
783213878 161935576
5 8
959470149 379059743 598480613 637990991 45635172
7 4
94636754 557881317 633409720 692164988 927291767 917527170 318509819
4 4
984341630 479657555 609561581 900343534
9 8
509784993 818928885 264944402 587877956 716750916 775476071 985698786 787824237 679287595
1 8
910237166
