21
5 6
685670769 121668592 163526926 641480984 940759097
4 3
400794478 189035979 911344452 757572819
8 8
216910414 377894785 842543848 734607880 387764005 819702862 164385296 634503915
6 2
21564247 155361390 410112619 359265601 167747563 692130263
8 8
421612207 239299291 16529260 115179525 13425211 421600287 161329035 656258311
7 9
223755593 854086640 948183720 920670046 585142401 360241072 279779292
7 8
451379885 896421768 531784817 815146664 797666562 862540999 548895650
3 9
628486255 705919852 964534653
4 4
238281363 222077949 277077919 619017150
1 2
82037787
7 8
70704265 62798318 532412376 605204876 947953077 281996067 517005807
2 6
888747483 370337726
10 2
993830590 840685376 177234650 364117386 46989873 51442584 206236553 768435454 139167072 781731319
5 9
881622521 468554545 111823838 195671956 534626910
6 2
212694933 694218999 184185812 545239893 604132190 793988423
2 4
979560686 476200130
3 5
970941759 248261456 11372215
5 5
290435614 612879074 456824645 256992906 159362277
8 7
240163396 422361696 719400265 223322360 754142264 339283739 847240911 386170987
2 9
199140253 989662746
10 1
39871737 363061343 282289791 983774360 489253338 184376096 751673990 108286121 300207407 939337465
