36
10 10
662008471 962540500 289878232 387983788 489725364 643626681 305337145 635817927 514698710 92480682
10 7
63775255 749782813 76215588 861661884 752056966 456575963 145591776 189108985 632141106 457389874
3 4
771245174 265214591 591819717
9 9
162764608 153347809 267015315 324672432 360399930 639718035 841792917 115619897 308223425
4 10
604577037 882743014 988098433 651520754
5 4
752845807 506588018 121392098 917713387 185959099
4 2
885135187 808350267 153069481 197743556
4 1
972528848 626104259 471913572 146653896
1 6
333864220
2 1
354906612 319328106
2 8
959563512 254413087
3 7
146536971 940650938 481394727
4 9
279177955 107072801 811993387 350330360
1 10
456221246
5 9
109386919 277961064 870366480 446713984 892401677
9 8
73574595 998507585 586500265 157609038 314980856 701201219 168179768 852890779 36301595
2 7
6601901 293392442
8 3
547862607 689350787 667885447 191151532 876918519 884594530 620416435 689911917
1 10
384574668
3 1
696683815 911074710 540163832
9 8
420701418 882833440 230035215 751468094 535759593 442082649 323902189 364364317 981537739
10 2
488277463 463718671 126064340 471608477 565762750 367503721 16451866 65494986 791381266 557840114
4 6
590784800 20767003 626854916 689953611
7 7
172242931 653398881 972784103 804605782 420123122 305886320 702490035
9 8
383847211 293130409 132304502 312542982 835034717 911911420 462454236 943543699 776524629
7 9
369002639 781234032 269375790 607831835 915824781 945505875 440799322
4 10
291246793 523572510 79963405 106927178
4 5
48877633 900905429 907444294 410305246
6 10
659622628 214154407 352246811 775662379 699924582 6651356
8 7
3875001 579481398 214012924 12643866 644601081 359675440 433461289 293818790
5 3
673866519 734774540 299355164 359745085 375605518
1 1
78222824
10 9
496434479 99587297 847230011 285035020 454776822 522951992 229596932 827676914 724929708 891665195
10 2
798689908 302793578 485128841 407613890 195290969 339407350 382531316 356207112 705423374 162518154
8 3
855777749 587288318 764422126 684031 510613425 136456036 668038501 300333195
10 5
144590492 275142497 988580286 558842381 697712274 331240287 471347940 675200403 652519196 670761347
