47
9 9
378820881 63601368 415239642 82207896 282863007 711613115 823450700 803524490 315200690
2 6
800634359 463439116
3 7
331485219 433982900 215714401
2 3
58626541 720199349
2 1
382882224 147583756
5 3
665594520 835485111 734843512 237375018 236271570
8 3
908195294 172043968 507827187 403986212 732055900 835934834 350497529 159929352
5 6
722481275 474664978 868522405 652828360 360196572
5 1
733761221 540931668 877933416 767907984 56439648
2 1
816657690 363538088
3 9
843640349 584182678 512478103
8 8
309772743 495375840 994631301 24586950 702829104 527539221 626668841 207273424
9 2
866730891 658378035 966015845 338866269 140564069 562543341 405874046 286534668 371642532
9 5
943485817 603646165 522271383 256780268 926076600 884482585 84086548 320976407 283241089
8 3
815040344 606585910 570426690 554742032 44286358 367635817 272119636 904160331
6 1
633304195 30178241 941881381 687056849 831431814 289231622
9 2
809768597 93665907 933056594 745784408 987451426 274350808 817986712 7414767 449630663
4 9
344884654 357252333 180261615 459845978
3 3
862862665 965947526 462724725
5 4
331657933 558498239 396352106 194675705 469961946
4 1
564322326 373657482 811101971 350947024
2 9
36358881 850635467
9 7
842486552 634298452 74254533 602086074 138793402 191726324 39509349 410403023 278763888
8 3
901078915 795594767 359500186 891317538 519573855 444162888 923763374 260335855
3 2
919455208 487349508 240446451
9 9
112039949 116357769 921787182 86956475 866566591 959494336 552266320 68077333 788116603
10 5
714422446 361330112 959502318 39423305 880316238 853273295 572118195 819518138 858486816 356695282
3 5
220942339 786125182 135874719
10 8
423621781 993361289 741923111 330990800 881045107 893695349 657215260 421773266 689108568 882020164
9 5
572421649 304529878 158472153 396790193 254203321 805484892 991742181 918897944 684047205
8 7
96296249 112997626 708369301 600335627 513002705 423960263 577604621 88848962
1 8
73340644
10 10
202737389 910726289 457934040 141143562 49663582 383161985 576799854 959199961 122095622 116428892
8 3
222677436 42548100 576579411 313508158 799873529 688729167 351089981 196501401
8 4
516991393 696845946 774936794 743846040 291736182 155142827 436087238 198117696
1 10
776175661
8 10
470037501 271640909 74545696 243722800 547051828 448442070 554301579 686723185
4 8
559901125 879875240 697570288 109718714
10 6
17939087 177861853 560864320 54326865 688609450 312076988 387696864 471006149 87645230 199880966
4 7
258360033 27718859 443979574 958072514
8 6
399272643 123445330 475149969 859896455 401562559 113237514 308665784 528095376
7 6
473759471 462802131 101677912 149690026 294814581 831218700 429901727
2 6
623904514 276613357
6 7
292634757 94558037 552634175 372497750 318910888 97019226
9 1
434028668 863245894 428799718 303997460 913079742 624836049 659166849 987404427 87464761
2 9
551338716 232072685
3 1
163337994 378672456 452067710
