99
2 1
81411372 116939045
9 7
219927442 794820877 888378325 922553299 464573426 428285275 124355022 374560150 40378242
5 3
772093636 256319996 551190376 877650996 879242676
8 2
953407605 821849819 814715701 554072007 844361788 597046512 732510501 994565545
5 1
314408283 24835684 267510859 970822158 959016258
2 9
240494733 882601520
9 2
695646492 290138040 321903494 899417753 718084427 549518257 949111560 996016485 600369154
3 2
261365914 382181639 230942745
1 10
936544576
9 3
758944686 686675083 356786470 220013506 574421259 993757940 255738131 851335125 467000352
3 4
11884587 125295884 723704818
4 1
998060217 678298731 544685782 798394217
6 6
803097470 910432951 199377367 522321095 286813080 838902986
7 5
323398913 850651348 836215150 943937776 719893060 929061946 202635905
5 10
499719179 331918083 995119096 471837424 832226821
1 2
813373883
10 10
249256748 440830999 256404532 744576736 309522694 458319008 378996046 329017708 350369028 482480033
4 4
547446249 868296120 840457093 281117478
6 4
343169451 653598349 418554608 348391774 49316443 594587195
4 6
201175744 287204856 338768559 237745794
1 9
27372257
4 3
535535575 520698796 379672470 318389738
9 4
843701774 232846102 678550647 288726142 116590030 125385973 496733310 916079421 503969108
10 7
550549190 999489892 691367687 524963594 888115513 206554149 820668713 667713940 626615273 889917227
1 1
326741885
6 6
940428759 13761707 766600927 346631052 860809658 887457071
9 9
230563904 821575064 211687492 235016232 192849185 812210895 350412393 258282502 216376234
1 7
938078275
2 8
567327161 808984710
2 8
875875340 673917463
2 6
955618531 223230858
5 3
529226057 181525530 827755079 301616825 989648217
10 6
441275886 680277521 170153340 368209518 844245760 200872316 775199028 414363446 187179694 956904704
6 3
654390264 313560072 31402803 230236501 30581387 133866050
9 5
161554699 563279305 569757169 794471111 942743649 499085737 19556462 745661639 773468927
6 6
369467657 282233500 437566679 21019624 952736065 44145122
10 9
74346476 736726282 425779629 693207540 337473066 654397683 457948449 958001036 13154888 187758111
7 10
100897170 516480722 92953433 399446609 664519774 561188917 663192705
5 6
172789702 173262208 566466353 66215072 689966078
3 9
253572546 798388765 929295043
9 10
189302254 193961800 524871714 442682026 437738805 519065119 442129036 388373588 359987669
6 2
295023880 274300059 7173784 27477137 145955139 378193394
1 7
809618814
4 6
329195963 97202959 818677094 188644185
10 1
66326157 79110727 372533898 377552886 982833100 715182468 126425697 263071536 232409109 768200463
7 7
263660732 804594284 61438503 134618898 59039500 84138159 648370100
9 4
53743472 256469210 461106196 316455378 412578560 481506529 823733956 275653312 949104073
3 4
43351008 818774890 435233970
5 8
217356407 957752692 190520545 538279734 605593012
10 10
945655807 336934968 257405274 51846689 873601824 132098538 39182300 72762098 143480794 379848551
7 10
453150864 51512130 253896366 781936659 919775811 208407252 457589782
9 2
114967080 598114893 791137254 379496544 593730712 494307608 938633886 818124636 596073147
2 8
275729715 747210932
3 5
170425692 104979071 9173098
1 2
809741861
7 8
626369029 355894242 700238671 14261368 840430431 653192332 240067792
10 9
126848024 718355086 440279044 386257962 849889816 201667356 71614489 305997025 707607048 592272466
10 10
27440124 952878361 180631116 43175570 848868671 198075104 378928934 211877540 832339654 964318535
8 7
188625739 885056330 898009997 122167438 898360847 725170484 800848580 724500593
5 6
78045887 19493951 994636892 596921596 333497330
10 3
420525707 673934186 852736985 440571838 749560437 986574310 235930554 948845805 872359356 287586495
4 5
881754172 41558324 790624293 932348491
3 10
416888393 364628888 967365696
8 9
513728359 198170934 411197820 921663530 211999087 61418277 886396502 631180603
4 1
81934871 407100790 231796382 934845380
8 4
804187619 843562664 762452972 709080465 335464901 60659778 146558996 554181020
1 4
635219895
1 4
491942210
7 1
83143191 153680250 142439520 957338285 33591680 958175072 393462977
5 6
228563631 401695235 488823718 65183211 314394857
1 3
776411998
8 1
322020361 358780177 524478605 875166022 578419239 219074734 302832064 684009285
10 4
944417234 934651747 737493325 316619427 710374559 389885404 204621947 200257371 845563352 603437712
3 4
326100056 973232188 647076080
9 3
81461873 612803400 990248542 856877535 452998686 883518295 305079586 349036831 213032436
9 1
339678113 299565214 113096441 662076928 441452005 291810945 124985061 573449544 944534624
5 3
908355450 539133059 256707476 284154119 538815663
5 7
147004739 73629386 163718709 721632569 962425362
9 10
418572046 877981282 178999229 788156806 173203294 114747665 306732429 560967053 835435906
3 1
723646423 90713572 658584138
9 8
922081681 485193475 316097064 72468520 840288560 36976944 527318418 42818931 56221468
9 4
726554644 963020567 91506437 149675853 370858484 987522148 427947833 841828167 670383048
10 5
413323960 898537284 299582895 536041186 227509325 537008878 99903587 349895967 260643594 951333667
2 3
545181249 565467341
9 3
105044921 125324010 562109462 994246408 479729935 174432952 847080079 981302332 839627570
6 8
541646287 138913498 251314546 145787707 316740961 591389997
9 8
140253222 876613293 482995275 543055564 924398173 608875420 579985121 934445020 892987167
8 3
44777211 321280304 35634920 933604285 114526852 916526554 453605758 931059317
2 7
936679543 819713169
10 9
948008144 665649284 630508550 525338509 357756900 559018412 537343347 601907366 156989113 40124943
3 1
388207002 905794443 221814217
6 2
707361222 468823246 659572949 583333819 599654701 91347510
10 1
905655382 164276476 89989419 470000108 919881260 543195730 295829828 452986804 956374995 478311290
6 6
128576360 105832527 597277969 740066329 738627170 628560646
4 5
222441962 82361193 750040768 773673727
10 5
934690604 937621083 220568600 925283888 956503857 362123405 510778202 679660703 624688878 82350551
6 3
683150668 791841440 739176198 536907608 737268783 584432234
8 10
808511162 56731595 836181920 985378166 761807925 301129421 736419939 374252954
4 2
809800474 722670445 152507638 326502119
