53
7 1
863728781 428012092 314162038 296963506 986750154 334880745 419709808
5 4
179567517 995119144 893844575 586718190 199771640
2 1
90666816 538333042
5 7
34631791 450495085 141993261 163836427 794690396
1 5
406773456
7 4
927059071 872435859 965450712 232513116 795450528 334007254 52956148
10 1
403493434 595475790 153515065 473978925 752685508 186795983 418409373 840865575 396286772 213960556
3 2
770497298 880646036 813350857
10 3
145381621 37960437 906719441 313784920 939630144 128708995 465726331 92081019 422806973 84037548
3 3
174454840 329446116 305879856
5 1
844118972 923917688 897803233 141500632 770128449
4 5
37531543 410543650 505796678 395802768
3 8
418583072 184609524 458442718
4 1
907779069 907127598 451574104 80420214
4 7
131204378 318263675 372872014 813678200
5 6
845083953 266662757 102286199 11849013 40600128
1 7
19162477
8 5
246732123 673457795 96329305 654272430 371158048 801303667 254906000 332726027
4 3
354934427 723663925 53688806 236081127
2 2
559428502 587938195
8 2
649773427 391594434 277557909 93648874 674395150 292084186 225585741 12970743
5 4
299811806 720051491 357836773 364025883 664768239
7 8
641064867 492852637 240231278 935262188 662876072 98524213 324565384
8 7
663202874 601570949 611343144 837113066 50907724 426520557 124785397 463461147
10 5
28829877 531496050 316551606 116871238 914051142 914027511 689662961 591031960 792590411 724786566
2 4
637732921 220654195
8 2
359388637 850741613 963478502 23519698 370644394 879457483 2086305 776186523
5 6
494022616 564785268 751989559 287004461 302654190
7 7
489566564 884924180 202030031 345014164 853748571 540389626 368028812
6 3
393396514 36642913 684006371 769981025 354886512 890559232
10 8
223280156 985933769 2239858 356190315 88747695 478299643 180092165 293687376 420438571 963851465
7 7
545722444 709303857 777367338 369113538 208101289 215436456 565483687
9 4
801198986 759469874 582452974 907370951 186102647 92197909 310627810 519744188 275237049
5 8
741873814 74705076 873615179 765850459 555170746
1 1
898452481
8 2
654442975 24982028 340100504 664760516 331955589 233924334 53368839 552267489
7 3
112938067 23584807 834813716 968785519 646599218 473731133 481741575
5 3
429301606 809539113 207880512 598391870 135677964
1 5
929824934
2 5
986821391 576943201
3 10
411285980 844237513 630689746
6 10
526146548 827334543 135515072 386422885 553045011 988503352
7 4
2971700 364992403 936799632 148250406 507090428 121423692 249174848
1 7
73519586
7 6
634668169 359767040 63139233 20809440 273483975 545535769 374443557
10 6
494324700 167016600 958396033 529740018 750784669 484981587 555015229 30360079 594558760 101143854
5 3
435696554 538997272 33152508 952998512 388382744
6 10
818422667 363195526 401181467 885459184 490968321 686521083
3 3
3236574 72566975 251426620
1 8
685054090
4 7
505336140 119255400 34302327 858989511
7 4
782347735 622607391 608352296 154639748 148102127 162247100 253724318
1 1
853138987
