83
10 9
173145256 257454913 637353464 688283301 436781125 411842384 914899876 871579566 149096081 479805380
1 1
858785735
3 4
65545204 424838356 754951752
9 7
880486950 141215684 59307000 985689903 698197505 111466031 17658602 43892753 115695923
1 4
265914416
7 10
547677273 879825245 696372844 228251162 25150726 926349796 652327294
1 2
778660830
1 3
804018168
3 2
154930567 758190731 640138091
9 5
377613304 477155013 973159814 503252964 218682020 86825583 779323147 819524600 306746471
4 6
595050406 152462791 112609729 393669943
2 1
25290624 778574126
9 3
390938102 424913984 286433768 907708776 549909867 894438927 338667841 597223400 976280330
3 6
547608745 260283306 784988691
9 4
853514036 603379439 894573443 442255325 509180731 942666284 950523277 213365665 90203505
1 8
62191036
2 10
742138543 657503764
8 9
848470019 957649985 385103458 313333505 86086895 715625846 840232102 15751213
10 4
701707853 331411952 6039669 520837367 576171797 12031925 633268120 565580800 207385633 438836332
8 7
878819397 897187631 484507558 999780590 90688730 863079407 502448199 860239783
10 10
282190761 956874671 995234449 331990109 66553116 276022786 364859536 773484291 373133137 594034062
10 4
39821853 524510490 108239357 539922461 982773097 51557154 50365945 977282977 113799112 694063116
5 10
236485769 579681720 924348579 498648511 831549037
5 1
51904959 651412123 461476145 303876300 527196810
5 3
192392754 626614528 558645297 404334581 647870435
7 7
829265357 174874649 112454704 514651542 735552372 557098391 643321637
7 3
401659526 954592007 299601617 257935817 27484557 575436307 101713446
7 1
78247199 356882809 647531469 532953866 534828497 185210859 72542019
4 9
567480759 220060127 904342100 518133813
9 10
398792902 668556139 348902236 726161835 336979795 825276766 318650017 749114447 349455430
7 10
980282023 444131245 38210354 483235942 915708362 424467403 142983780
7 8
609147132 685103763 777981558 454449488 56288739 88149550 354507057
4 9
653940088 308710867 576846697 990310484
2 2
303976954 241587188
10 5
691293458 884158088 92139125 261845510 349544686 111356719 101116498 1572665 784709121 924496272
6 1
705421544 461746702 884573924 895348522 182341045 692230405
9 3
899606434 146308654 50929351 216247095 441766280 166604661 5659084 660837649 479398671
2 5
501328624 850405188
10 3
612032084 389436894 365831999 717345787 591430968 810170680 478994465 735402648 912665290 470708318
3 6
964735583 696981238 49691348
8 3
225856095 970206783 965863787 222935385 735104669 449204678 247016262 941298545
6 4
140114811 809325850 637047076 722776452 634700057 154771199
1 1
771678043
9 2
497693593 298727299 717703324 881871003 708009534 110743433 304721502 302213012 17960178
9 3
697172039 420639740 280503712 900622130 195506108 578676506 322520542 873194334 64777032
7 7
789850319 187873092 936750863 983396046 851724903 366980184 813900607
7 9
149980072 519306301 472421160 395732622 599132075 155039050 287132156
9 6
974305828 902356802 288177091 803700891 497966604 490214854 377084142 441110954 344719336
3 10
255376711 124574680 947876233
1 4
447757047
6 9
698361542 652458052 664697468 400221519 735204731 447315576
3 5
408322669 127234280 530096883
3 5
914455839 420629300 132029108
9 8
643826314 324294096 740067722 501706077 902249838 687266244 130220737 406329602 171564085
1 5
574592291
1 9
243721241
6 2
416113444 214093919 744622718 612282688 559884815 807099078
7 1
86997574 144043180 606100020 556786345 374933702 370325220 902616784
10 10
718411054 253227832 318369510 176609615 606701751 659074380 216097787 592816593 128577110 875347711
10 5
352126713 368256180 203835187 839103859 361859214 647513501 175724641 537077180 925573743 340367517
4 3
486883717 136255640 409599983 72687902
10 7
7360407 653003449 411120302 219415329 741251616 320943582 617853156 447361027 167932513 663936728
2 6
67710949 401290196
3 5
934187537 183438691 258593332
4 1
964512856 786802367 626644826 857725822
8 7
230654707 954365713 982015254 449226429 845383500 347578447 365059179 427876376
5 4
628514172 509640997 83796784 497453756 861550981
1 5
68849206
2 1
507589851 744032453
6 10
310181393 67411463 99341390 26772973 401961549 577259784
8 7
320610822 863397555 715283340 181426052 791174306 605280451 665149347 72581359
3 2
266309475 103960692 252410027
9 3
174350557 189673218 13089343 122270966 375830212 865855636 591636704 271908423 512239668
5 2
335068377 374152528 208583402 85439617 271212670
7 2
87597220 329923563 725447334 716032198 497649450 601428445 565695332
2 8
336820720 869416875
5 1
321864181 144335084 384450989 646648264 757415230
2 7
222224071 67325547
7 1
562620167 612628842 844762404 923876842 525326793 689382418 113504962
5 2
741456830 867550237 15923460 70125396 315858302
2 2
606798293 720220137
6 7
436303987 67097158 467299596 475186981 170033462 231786280
6 4
562133058 284610081 914997655 781366910 225515890 600250765
