57
9 7
44728527 652737842 270980157 204513386 505606995 168469332 259235364 252608115 939137285
2 5
862916757 146360617
1 8
193368293
1 6
873986538
7 4
666606672 151847135 891716002 424910215 68981385 624772178 720773681
8 1
983800089 478849586 86574002 320626127 513671299 259204375 535791297 161445817
1 1
965305004
2 6
34240149 945434541
1 7
553433716
2 10
958584165 542253119
6 3
507352512 668948938 511528010 651005262 504767261 713472290
8 7
865518619 219252133 602119369 182970477 597929064 608722277 437629549 73368255
7 4
879103092 246443396 485699228 630843514 716785622 454974117 104281457
4 1
294975828 30510303 908170141 979562267
7 9
168443276 136122605 914158224 196226631 134751199 96949094 338153925
7 1
481549830 295336296 607216873 546918298 442219459 600703551 938458329
4 10
172676310 288172470 683363208 821731010
8 10
869264272 547514743 944190086 65575312 185284885 580436727 265966586 254616327
5 1
252408284 603476250 909562734 21074066 643850713
1 1
475298292
6 7
757650424 817051094 78173666 539623796 264569144 51038027
10 6
556119594 337204528 383051208 288501363 138931739 248312848 61972903 406948019 731235040 721613939
3 1
813038265 40783807 504321645
5 7
983750542 188061957 556276976 753056277 95790201
5 7
252641127 250964817 598497000 461662634 23505267
8 4
469205095 964306633 333308981 709488718 514096607 484753597 718631298 552249482
3 5
153979738 447218834 367721563
7 4
493914919 846791204 891598777 961895799 604955559 351383861 851701660
2 5
666604017 174610677
9 5
630463104 102500417 362585850 757689471 904678650 303257952 49357445 817974379 72034493
10 5
67592561 896963 587019649 886553840 985574208 537355029 808559984 906552903 149133157 897203831
3 8
400996925 950340976 649136224
2 5
676260065 41486927
6 6
611248110 747276580 840799616 69003588 427484215 315260901
4 1
512262237 651791462 724864713 747074781
3 7
930511378 248375635 101826237
9 3
720629652 954249972 587360410 649446893 204133706 290229741 44026788 499658979 870037076
3 8
797063424 230096955 562312974
10 8
205626741 474597030 130152703 487504671 510975428 707359780 851570393 615625928 54628538 170135031
6 5
428985598 172885257 908066304 462117131 43678209 188785978
5 8
38876141 960449936 389606603 16626702 560174526
6 10
830338291 359898190 889087966 533216640 590792945 359866452
5 7
948772672 36434103 302794684 655337808 723140233
7 10
12939426 313199463 409423832 730586249 867352967 330639258 331923474
7 6
389544726 533850873 386654716 317709898 840484083 982682012 490186371
10 3
661260831 921332755 437457773 143727625 931399193 837728995 463602588 86936106 817708067 728037721
2 1
511872723 939607190
2 4
636991044 425704769
1 2
438588071
4 1
832176948 793618918 456895078 464948158
6 3
369997347 431922812 690992562 271589008 997497819 753036846
4 3
798956374 340768864 551060237 167825475
4 7
85383361 802499855 665690479 519124080
9 10
943999256 121720798 896157115 294552111 562212079 484086400 273669819 577339431 153820801
4 5
621959583 649179994 734454695 760032504
2 8
30069272 303112762
5 6
612933550 273654340 471243392 651133052 162253909
