84
9 10
881891900 431871859 574944679 293480364 27675451 259055948 563709962 289391592 544880411
9 10
884116050 307547640 477482918 346970117 105015230 178408998 901193206 328910964 911410256
7 4
748537660 178033235 44150386 305067326 799941613 312274086 650435755
8 4
572504856 28617645 185478419 628780991 516929390 795663100 341580766 84555426
10 2
941773650 445970406 322035198 484540016 200754577 253179911 612146044 798406479 253595744 927279572
7 10
88685695 5324805 907008221 931621393 677617863 118246175 813007155
3 10
79835154 365656577 101008349
7 6
719493495 265486654 383157141 211872937 923433411 149730233 107920009
5 6
220855665 994056522 230481332 776566004 791986885
5 10
5693262 49155925 651631814 443852412 939378888
3 4
28395640 546861862 980199024
3 7
813751102 610404233 701436217
1 5
747716737
8 10
456508413 448501656 12749690 459566659 560604202 390904783 733355517 699192612
3 8
35947456 308482491 424764374
9 2
564965993 566178936 350086523 773512526 590641276 760078364 644940044 331630390 931206288
3 10
434851688 727458424 634794505
9 2
530448003 708298755 222682783 307543354 984568906 920200920 976675343 588617245 352227811
5 6
688772473 770281266 44885168 476059112 646922928
7 10
117209032 493069981 852915426 747088578 702850215 948720816 521827837
8 10
263621101 108114247 360148928 944795814 670135170 360748942 261989373 42016880
9 3
659380834 707140684 174144359 68055839 109022682 53573108 207798228 570879042 104549340
8 2
409392742 981720892 221897411 513523951 772908054 468600436 409621329 66811080
10 6
339423739 237364104 26104156 362351640 162720110 465824139 245110598 144537701 809917226 605053429
1 8
229527398
4 4
327333690 167025805 85484163 397763307
7 3
300161870 848854839 3016814 433059384 147929122 968654604 679604115
9 2
344997191 135974499 550096419 212513959 364336968 563101392 48328294 387836863 383371002
10 8
825473353 357549911 255782140 174677001 798812742 705217158 170260224 348583107 430242202 782230773
3 7
878142927 896637574 89336024
5 3
627824398 166868531 513634675 41918277 163476441
6 2
199535020 42125959 142963720 339360400 754254033 562910638
5 2
298614571 450185340 339322723 864670180 497610826
5 6
928828817 897224572 564889108 430874818 651634739
3 3
122509652 208931145 955447026
7 7
42913219 78981867 660375108 709562367 636560725 902082285 546225448
9 10
570486166 872851609 292910677 771612918 43288471 795300037 102959434 711766955 89014835
3 5
797101931 735882515 616457146
9 7
504007224 740716785 894026420 154776449 555379063 488886147 430470274 788499143 329423224
2 9
783349246 30189181
10 10
7658643 919582809 505510790 78478514 793617711 405068035 510704271 37089882 410858952 146778398
3 10
462096405 268922044 425793597
7 3
37155915 338704350 537746956 100831637 294991701 448828003 813975209
3 4
102764435 908909294 662492037
7 1
643114545 316156820 786913523 402224304 410385259 364735478 364643899
3 9
461638457 25273544 868810904
10 4
421216131 667826855 398724301 739698798 336757902 997597593 861471971 320844728 3792190 263689090
9 2
487260125 37055688 737667226 215147961 632396757 162625054 742032343 575217353 922888704
8 3
730515841 418013105 241910724 35951518 57399606 481529170 974326563 40575584
10 3
650836213 58277687 163940257 531465235 227891662 420423091 396895935 762133916 474771874 135747400
9 5
619189531 569128103 483218115 561551270 38545179 170134194 132364446 588727983 680443319
4 3
314732586 458327306 787600458 887427637
9 4
74198570 479561582 713292230 298034573 176521081 514007622 260192199 8968535 570022294
3 4
206344737 531821698 219520194
4 5
632939979 717922635 108319208 63678666
8 1
189072009 788031914 834612836 679342664 902385024 322996928 221010352 841680743
8 2
995929581 802838227 548423738 483534097 341187497 963943668 269256455 702475661
5 1
753374143 387637809 896098700 780584287 634504397
4 8
281030069 482101408 392563455 642308804
10 5
437059885 49063523 817162254 148080830 423639283 557357550 864460807 588266376 512634662 211095287
10 10
177800245 846930938 621229468 675582684 527879671 640230610 385417746 929523099 277105732 794633505
9 2
885739820 613121621 484114949 813038672 269541021 336239786 478066829 836460112 799008032
10 7
401778581 865621156 825998623 237161391 645580456 343259607 546148805 595736430 157132098 737182293
4 9
660707637 373584354 674263091 508125897
10 4
557000928 207969465 344098086 721981067 711077044 582915394 72862486 577129395 317555885 748016785
4 1
548380315 86972469 137727593 277767494
5 7
902475640 253894246 831821073 930834630 758683535
8 3
24966377 578847691 862879957 844982986 297045954 41717126 625296269 207065962
8 4
929615053 677506916 579313543 380740891 426310073 950202294 944641014 820173788
1 7
723049837
8 1
748747973 897109608 422287341 825288679 666451657 281361253 228033423 887761265
10 1
161085459 402552897 750260806 35162521 968863246 449657237 383614896 289735819 506070931 230007378
1 9
190763033
4 10
467553412 52681330 570341892 850843625
9 4
727612852 649102145 726632480 352649452 984461004 935504778 295894862 721898907 334461581
9 9
684058961 841480957 543307176 914670411 920711563 598011977 514304859 160480519 343190866
10 6
853519021 815286574 853423249 665046508 116092017 123694619 155691358 506159127 638702458 673720701
1 3
834541840
5 8
34411566 84989059 380545027 968905590 506208015
8 6
904837491 518627430 516111384 582734181 754169931 214965029 807397432 81483629
8 8
774290376 22175439 186597664 699626275 520995016 998551727 335436543 726444281
8 1
786612223 823700896 174398286 781252997 851296145 30232852 364010770 125408674
7 7
181962300 85392351 717724920 613483686 577238308 36157635 940400046
10 3
318407863 907358196 50478640 444849706 534958691 685784463 50893390 197471907 279975775 106214076
