58
6 1
446563641 306403906 670301572 289422502 221276579 189424947
7 9
939684073 282435303 921443709 57292832 454062382 852581780 413133592
5 6
227788714 427500254 979354020 127762510 302102906
4 10
571747973 945431159 201593179 907120072
9 1
338344515 869696694 608916353 532008364 26786977 154079188 492297483 281264562 722083995
9 5
279354783 478687631 24558693 312958196 596910253 307540136 330375413 167927465 579099513
7 2
801624744 562784279 755799022 244673360 53040200 370824639 898327921
3 3
935330851 363258669 247998653
6 3
151838374 981144794 939127061 474171147 124346750 107970775
1 6
320563340
9 2
876664598 154634690 851768675 592267694 83037740 863343002 621104242 438066626 145162255
2 7
621205334 943719054
1 10
94015564
9 9
575201611 578450818 532351202 778685107 656441364 418994462 694408061 824495080 696435539
6 7
142194738 281034416 749747122 720949450 434213545 964669954
4 9
994305821 695545207 524970266 984429817
1 7
518659402
2 6
286712653 198571849
1 6
915391986
1 2
11448591
2 7
843853847 928175077
3 10
726439395 279581024 356859966
7 8
735023998 954412783 117184421 115791766 998002856 14645366 358679005
2 2
950994265 222106557
2 10
721870448 741577283
7 8
701915479 374706733 541533359 924455462 244130236 903490848 416201257
4 5
967123699 23048405 586466259 454830345
6 8
784074757 393449205 270191738 86697176 976667912 975406759
2 5
210616745 849254768
9 5
790146711 212109295 249273759 7161524 431624550 407678840 130529460 358702627 49583972
2 9
98298069 116957633
7 4
117050591 535592477 471384462 872326788 715915979 318604917 391501506
10 4
793248418 835685675 810205860 579621711 234141108 136542008 926556324 565120101 362077004 406258114
8 2
229567968 922128581 157764651 376179248 480928322 959822809 351064165 384490680
3 2
480952820 268897473 495462496
5 5
162034359 708202783 835367810 713233224 785875332
1 2
369936250
9 6
51895327 852146929 804577697 570248832 75108004 280560327 148398313 717258925 407838402
7 8
549439741 203859591 28657212 183295485 668507383 415899051 823278942
3 1
136353207 495885928 452431073
1 5
115173289
1 7
390401262
2 4
665315130 155027234
5 2
620293939 704314947 812670927 995770412 273376821
8 1
150346369 833325354 652821212 246959632 560624703 805042256 11984821 119493983
5 2
659332705 288282909 555328774 30893768 159300917
7 5
651663992 910989885 228001930 245632302 743149182 574113100 690285206
1 9
754207139
1 2
530430255
9 10
134601772 401764744 162648749 588173014 742025272 876031713 853304833 708865400 232018211
5 6
890075573 907602852 24559620 267689761 239469077
8 1
325429207 150469822 124748164 270676507 790664239 802785560 365287784 406764680
4 6
834193351 640065012 24151775 751625144
4 10
238778496 382028579 52690001 236221823
10 7
585472265 683848502 587119058 718080875 711496136 726771617 39073942 362632008 133807455 13702802
4 5
625593493 251080495 538297338 636172237
2 10
33606986 816533146
5 7
658459452 297766922 7074569 508688893 670266480
