14
4 3
898402117 215251290 99751733 290660239
4 3
832072913 698422369 944120926 663404708
9 1
182713677 550113844 605569616 117440517 953826290 677151520 136239010 329549086 489177984
10 9
665646172 48695662 794488575 732925593 570031298 49154749 354160585 235788434 315250384 793970651
3 1
457726372 893082552 410671908
10 3
703196493 841890547 733219775 232070836 420993571 332915186 320304026 875717736 960977364 580505636
9 7
150073008 863560195 723034892 269551799 368341394 452982621 491282149 209783733 112131595
10 6
343819986 62014854 803659235 678840252 540163306 127619848 692694870 806979269 891833993 981024230
2 2
750174977 312462216
1 5
719114722
3 5
952438592 738540255 914515694
6 8
656434007 301741929 703241529 431855503 180652064 447461508
4 7
515268933 539999844 813737380 680273095
10 8
10991679 840688608 800621939 278851233 246286900 825453795 844423541 89656808 77196713 396240942
