73
2 7
201545565 626753082
10 10
971157382 129205082 644107289 553534229 4736598 128812494 901910419 133350027 193636975 298034952
6 6
759187620 448860489 306955509 795711405 849770788 979199219
6 1
21311685 123726954 466927856 804598242 133538043 801234257
4 1
699909768 211868658 507618353 487660218
3 7
98517022 860083457 807744607
10 2
378537850 945820979 371151872 787368777 382153502 117567747 153762048 432573503 784086003 324755942
9 7
225436241 764960433 684596587 218426643 839402637 551248078 641704462 45953136 929369868
9 1
341274501 125163988 597611996 497014373 377824568 94704763 463665813 131526497 321842653
9 1
462486556 298106149 56012433 643452927 488581541 122301394 75735777 644230669 103166620
6 1
29567211 807623624 438938491 822606768 512445994 627322805
3 2
207733477 899717919 753403237
8 10
219049669 774113837 115029466 765408174 893650834 948601395 97492555 145028983
3 10
95287004 591133573 855545916
6 8
654916196 729789024 462988746 991947908 809540995 610419893
10 7
705140783 998875685 707705806 723771941 951520554 637422306 905572098 76546120 686805620 38322071
6 7
982461441 360883797 438409200 784398045 73532125 327298675
6 9
472079491 311544367 984126336 91815391 280499569 16630059
5 7
724893916 419636628 195381360 604688538 186654601
7 3
607442993 531946140 226460153 992187300 862979139 436261724 998594788
7 5
120848083 526461345 743275422 648822077 69679953 369767562 647445262
7 9
359657653 429794611 769866581 926358383 324707639 271924877 95732656
10 1
719955466 198178517 205419562 19627374 887377160 816729436 50553995 351074916 460631415 97489043
9 4
668380160 713848356 330415100 107082139 452951212 558874918 420388749 944459612 657483158
3 2
231527560 650049312 683554833
6 2
505931780 272832767 651492984 51486932 929699891 664489082
5 5
79977278 282170633 320385181 202920215 408293155
8 3
368205921 353070817 664368219 637835312 65373463 901956387 358977496 13609429
1 10
490530178
3 4
908096508 177999303 55743765
10 6
981282750 109506577 925719926 104789246 950378263 49173876 576587206 371426321 106804115 672207156
3 1
964075146 546963844 15699382
6 1
535494929 715324836 839342904 772418075 70003267 428508266
4 1
324408301 37494188 844046994 879019350
7 9
13621058 87077069 121017730 570734259 319628914 176885782 915586687
3 6
153042809 308622547 231930071
6 10
460670802 974950609 32169871 240166337 921952089 295757909
8 5
395697081 514502327 37837429 295934287 31196209 625066546 385855097 797652406
6 2
265247722 691762020 476225044 586445193 291717399 350590087
5 9
77154393 476535496 576465444 37600046 151886499
6 5
191717715 259570386 848562143 197536428 941682310 509826688
7 5
662001183 393689821 52349715 53932441 55041036 458716359 303683012
8 9
385819581 651196566 324666186 320089430 419453341 479560580 366531628 169935750
10 10
211398179 931074363 472135638 621724723 61623784 552374351 569601414 348550880 304176488 130758479
7 10
907213192 681487409 671700927 859433207 465043971 339695545 457278110
5 10
70697371 580192897 379329894 220307347 31387676
5 10
513408127 175990202 566115573 689099949 703832252
5 9
781779209 594902943 408746622 271782104 926103083
3 8
668257251 698344888 208759695
2 5
69401203 828410300
4 4
796536280 594621329 252023270 558936200
8 5
410477382 849406394 436278843 670270475 637878477 850937707 474727011 33583790
3 4
68418861 104913582 522496626
6 8
999419759 70312625 175916954 388304161 247519596 401086923
7 1
832332486 998657121 332074392 687222464 507644108 721236010 781940713
3 5
221042439 466375154 881670107
4 3
840574396 573097494 424760739 874897387
7 10
657571717 731855960 788006574 999530048 538249956 400605517 979588642
10 7
816260514 872787817 839806948 714409215 365760843 880920486 321949710 744362048 748174903 788479132
6 3
870832871 10931921 972196709 55928495 501318839 352172105
1 2
482929561
1 7
390843950
9 3
199732022 602577418 997234303 425872576 627920349 659840291 657854636 453811013 595689939
4 7
677241886 50643586 726375685 486048793
9 6
789853903 878548670 267453203 849439377 942512737 128099874 492182253 75536014 41469947
7 6
705917118 430519304 698682908 578336974 616675370 238650268 459210346
1 9
858105458
10 5
530335912 624400292 901748424 817932136 200921375 308205874 999556944 519493255 486855979 174071665
4 5
888132954 783403677 490197291 47209799
10 3
305703907 643424687 307038257 158913921 152196397 252855021 110106204 681935115 378570646 80752244
1 6
769510365
3 1
972691102 302211098 236837244
6 8
916044337 779385925 113951029 247497345 586829211 539433873
