86
2 4
820203392 551462248
10 4
737920043 392671466 196870990 153554021 374156531 319619681 223069274 127448335 111340373 833556576
9 4
36789497 497804660 937722848 199845218 963482966 814320888 65444447 948884483 597481099
5 2
104866878 569742497 449436642 933296790 195653851
5 4
416261660 955964567 326308633 22174494 460240346
6 5
801927230 689409966 333044027 105074462 310641187 217216471
1 10
317211258
8 9
739451843 539998238 203092582 252291408 478622983 90865645 484202114 525962963
1 3
833699455
10 10
673887363 783970639 638423060 500614870 269880282 876687278 88994989 965377208 853416730 760122657
7 6
948792688 703764712 977358882 256763204 580136733 661429130 117129104
9 7
97405467 509494050 356138382 967950060 248528323 130304406 194635491 527520181 217303193
5 9
924561750 532207088 836645712 834481436 608549837
2 3
173455890 512299708
5 2
78622637 806928998 450895943 48207578 887867590
3 10
717269166 52946568 323810406
3 10
500791805 732663314 846444922
2 1
691001305 677037605
1 9
231873406
3 4
425255900 842999394 182921961
9 2
498475086 328530757 893820247 498940473 867061512 552999916 275611112 924073066 47523316
6 9
740755957 135418515 440216844 363162026 425231366 513721705
10 1
394940108 10976025 244786033 771950387 824533626 571581987 343022255 829835151 477194800 64245693
3 10
23044457 283360584 605159913
10 8
495639330 661603730 918066027 28237596 829760366 273202997 933495064 58533583 732130381 241629537
7 5
708360416 455190664 597665693 960149817 970092428 996522333 742373321
7 3
268185767 610126767 696947999 839838500 472565622 294114566 441204464
10 6
290086318 243043304 983846153 228994979 257431423 464741440 731766661 73083514 246416632 107753672
8 2
840926607 169359168 186375950 715343039 842127359 400350128 525851431 987700587
3 3
742547075 657423566 7371319
2 6
992619329 62594958
7 5
789143780 609208980 198800625 650411947 667136056 322624781 382874776
6 8
277846859 781838313 220795095 30963568 527943418 558891727
4 10
829464107 956359792 171395925 836061884
8 10
671565064 896186737 478390019 457076077 583537090 288462516 179336700 13725258
1 10
426115984
6 9
855934872 230624122 54859692 817980808 261597044 68031452
6 1
78063785 517571511 532294019 941868235 791515859 681101177
8 6
531750526 757369107 355054425 547258301 322415194 723539252 292756955 565387246
2 7
611963531 319470386
9 9
860711624 734983601 699968268 762130856 36830336 81993143 847495400 9421434 863614752
5 4
244163896 95083306 814677312 456888917 208722904
10 1
157810005 367801935 793882725 801424699 255945569 795671978 389746283 517149867 2612861 786828876
2 9
361393172 982913388
5 6
682191997 341666030 762914150 102173683 423361680
1 4
782540751
8 5
140739881 691028120 264367342 72484142 579447023 934793154 115300150 498317
6 4
717667699 143106831 543617137 32043167 57132524 493754566
3 2
611235847 958738308 749552538
5 2
660169184 536498137 836078815 367897710 111988287
6 9
389110814 237124757 2397017 124809217 702468116 106049739
3 6
925274704 54443611 545271151
8 3
645474293 896050265 501507512 732184901 98173408 745594855 739732805 633364663
2 6
160051446 422950373
6 1
542197836 158753215 103877338 927551970 358658755 493148724
7 8
412412791 27884961 941047293 784128066 989160727 465547023 559668612
6 9
741209470 283179262 821836692 14485201 911493010 60341438
10 3
911919311 478117704 947367303 166334767 771455876 427271666 124467029 420525607 771776408 470429983
2 7
504747930 9659210
6 7
356868304 964289253 101248582 241812627 733975868 51350895
5 8
739755620 622266024 688166878 873220193 147305131
1 3
541710998
6 8
302307319 392465052 572246676 914183276 788525075 666935677
7 5
681448153 634481707 160935374 886249135 256326724 910006828 817141161
6 2
401094915 372048013 432094141 127571362 749311828 655931784
1 1
930583482
7 7
560835043 478725827 379402991 385484608 754292569 199585555 668316549
9 3
783146053 273168995 669431760 848506719 780716791 212150753 289420087 107642321 706016797
3 9
734155167 425471611 675119148
1 4
212268746
7 2
827298824 808906585 726944283 591407943 303961910 676166508 919747087
9 1
985816632 488623118 399858915 228863292 25190563 85318045 927200251 663858719 149289680
9 9
183559465 206760243 590879034 1231954 918537022 160168800 509035451 813864371 319057889
10 2
877598929 266540811 559626356 206669348 521706041 801397046 345605932 233864188 253433464 610358315
9 9
348450935 458524657 758104482 263389642 823610315 746620260 295004688 497223641 382045186
3 3
957025126 410850890 560917374
3 2
544578802 68130720 51500845
8 7
838305265 129479054 860090376 195179622 587129739 20384264 651121653 202417997
6 10
425484847 958683600 775366130 952818353 963423338 112561154
6 3
329350037 172286802 541614736 691342744 241425713 221307836
10 6
8466882 72057487 470169907 593384592 436303438 901185133 818284443 240853357 682531065 177979993
3 7
302324406 897752408 969587782
4 9
541539726 503591667 801779088 425345824
1 1
674824863
2 4
907331539 290269994
3 10
452121994 442685941 329247092
