56
9 2
114294158 637969030 755268333 828283816 768949770 624966860 776634683 419766786 803200963
6 1
882900266 858567904 181989272 531704335 691880373 12237173
2 5
957166764 145895342
2 2
374464681 181723831
4 10
26644845 698356089 930469901 494640209
7 5
846592905 23027535 142004843 160440530 453786390 267205633 572967933
10 7
122144222 645339111 807647095 903486296 835426632 620528218 706397972 621570970 303990653 511481845
2 3
455570043 246489038
10 1
348367468 662459311 227179504 766548230 300159077 418473738 977784948 353787180 94028184 442134580
7 6
602108823 37592251 872804627 571997220 352912282 474351612 866211406
6 10
944182888 990147136 296692389 807051520 877362034 414700096
4 5
927919749 475284920 210249100 560254598
1 1
632163498
7 9
270266835 628719100 39410785 420139586 22308910 784670800 191241016
4 5
699743584 724857513 240536596 549753765
8 9
951233310 454736865 414845454 333864706 248230291 151380171 861294429 897665132
9 3
386584841 894974891 503468152 530883497 853223370 764442261 386079176 347239838 25686248
7 2
898037646 909422532 962555783 916756057 226562803 209322264 42243222
8 2
836160709 352766492 704966863 247731619 906063204 659985641 146890661 298760768
4 5
479149960 41179139 393316971 388333630
4 2
51945273 671517359 431349854 216575665
9 6
593314511 117858802 134924993 967763516 689105718 330414640 422660013 29637914 196344603
1 10
937377690
8 7
587316160 139064766 460122441 633580069 479920830 879275161 690111982 849978733
2 8
875834820 342534359
6 9
759520147 124857575 239604128 10455819 392961754 472046451
9 2
161276894 35143305 750419248 131283049 284588882 760940278 51111775 524291793 388561710
4 8
210901907 866906338 431485156 461762074
1 5
245785677
7 1
895476457 686178400 923847058 262757439 800732069 270035061 404721437
1 9
965885140
1 7
373790883
7 6
482532770 810770139 59281619 363086027 268881925 544928030 759813233
1 5
109353727
2 4
178834219 926183001
2 7
596172181 796560955
10 4
300263811 386358010 886305890 635482662 315186823 919837390 404996795 508901695 589227826 836425140
5 2
90468805 263771512 5015365 485040087 79657884
6 1
815339279 448318845 892739155 515607297 812087466 336782411
6 1
119360705 793744551 729111101 307479876 524102634 56469456
7 6
20988955 880128168 647962261 141898559 617335119 736762635 850985607
7 4
389167358 251227286 217080711 931203654 27477010 699443307 314940170
2 6
603639986 463995077
8 7
63823698 840731585 845903313 508429169 245846692 581576952 146133710 552014900
9 4
303483300 122737615 817869472 719021394 47808303 309913512 234638309 271790634 904762061
2 9
976464291 866682065
3 6
577206270 140081424 577514635
4 7
951343091 333427640 968934017 507441737
3 10
130984638 659893991 724863354
8 2
977345047 244391576 531737536 738849743 296297655 668045739 279833626 513580805
2 6
939033243 914656268
4 2
805431365 604656810 295472513 142868251
2 8
654042709 535868882
10 5
245420033 495250488 353041926 18419178 924564717 608356615 836596170 826289833 65304661 89444757
2 2
989167752 136808996
2 6
20441644 845041205
