57
1 2
155367882
3 1
69423101 482698178 176208528
10 1
386453923 50648276 710834860 149135295 684401054 137514014 291449450 715650240 340956188 90924924
3 9
299011346 763788902 901168694
8 2
999061027 219070766 407998773 22456022 117736460 488635124 410725163 170062636
1 2
220806084
3 2
807250972 628983763 34545231
7 9
537569267 109164923 188650853 273291851 753573045 709733144 779174885
3 4
136809991 787773737 412329368
4 1
101740260 864772572 356902565 672310272
10 4
142841334 400844474 206565208 84107407 593363189 816723297 794780883 294781734 289005461 601439484
7 8
590358099 936003596 343559996 671764932 468358768 216119524 502455769
5 7
197302377 489454801 165907063 390773487 772273516
4 2
394533744 983942107 66173879 299581015
3 10
919552146 764871049 526060937
8 3
627073318 870080523 774226305 572364141 576727692 98445119 160451887 415241464
4 5
40078671 287537581 869618661 336775161
5 1
423217946 34619617 19153655 548955264 647616578
7 4
358924985 868573542 438244912 90245401 659694222 809041379 209314132
5 1
476134645 265281740 556868581 658178799 721392131
1 7
893094869
7 8
188535988 29873980 372737436 538944997 125423869 862569687 496889977
4 3
418169115 640217989 175096483 795313694
3 5
708460778 249157923 202591398
5 7
601545180 419182052 459932422 935737534 744563589
6 2
295102945 601990517 367159213 972598164 766001781 692458170
3 1
710509494 315439147 397461766
2 10
550054069 998949687
3 7
641986823 655991039 286133582
3 6
340286080 704450914 63298833
3 8
696980614 357963987 291568520
7 6
38833176 516799493 695123310 871628175 651966243 95149383 29033527
1 10
534649406
3 8
446949339 602315658 395444636
9 3
207928466 841881914 616790522 188617652 294836826 229563341 903708402 534134823 565518835
6 3
37225663 661426296 238304072 63514152 829516023 962197321
1 8
263045719
3 7
856179769 15056982 579126965
7 2
156744157 861237868 384671589 342802375 402394108 789243557 560631300
6 4
494466042 9832901 571039478 112541379 74369004 188308576
4 2
775700557 103046674 318804624 955223483
3 4
325447056 548388219 546562642
9 1
645364004 49806413 975608848 1025758 67998025 773402276 126336791 682091656 490048583
4 2
752664320 104379413 395665275 774402112
3 2
305409568 923466646 655863849
7 9
138338002 768014003 126389697 800630085 616165094 53129017 571860691
5 4
363319749 101117475 746513382 675237159 251567205
4 6
756017436 478031859 464563294 47777664
6 5
797049574 618990386 880813570 149610008 772770892 159003592
4 7
687097131 698517055 621744758 598321935
4 8
906328015 805514298 958413061 484313987
2 6
546127973 995672305
2 10
672831595 758492725
8 3
196473789 312906595 388472785 872471530 547522666 598835922 473929691 96181254
8 7
322657588 422047946 342423183 603753028 556145876 403428836 26079672 757431260
4 10
700837518 50339749 576505630 284754525
4 5
583572175 603696600 94640517 609300111
