73
2 8
220978641 105533149
6 7
982415935 938467976 943404288 372687199 626089938 719480066
6 1
144811540 735349703 446974345 735699262 199620774 234897888
10 8
718461675 904623514 302054998 7388213 483890353 8000520 957122503 575608064 285320918 893466502
7 6
209999216 138156747 563123281 899527689 586835804 381064565 194225855
1 7
312788788
10 8
100112691 109593525 911313408 985606328 580059379 328801858 704832920 195487458 541128993 910143073
8 6
680573197 534913003 942426296 416274937 68105917 578776943 580601976 441643392
5 9
928479581 103195938 904815685 40261867 447216714
6 3
74828902 62456904 909164323 643799579 610553396 95517849
10 10
833991940 376861021 227105504 563264875 453426030 419856923 119424798 558179876 330826072 854113469
7 5
196524493 130827859 952968571 686270514 704038834 19805619 849344597
6 7
201375759 412165082 628775692 904774299 854136829 404157531
7 7
205347179 554836446 512447769 184353547 604388006 238347929 457771506
6 10
250290359 157937041 740259198 548885819 194906413 113498571
1 2
414185411
1 8
636102690
5 5
112869002 873011914 523213505 930367406 447171972
9 7
345183535 26071425 912996249 698486807 599311803 328733555 974115082 235183477 170835075
6 7
357150566 178116350 811338815 749821223 897242822 839087772
3 9
65126057 422895300 145974081
8 6
639155480 340169113 984972505 974571909 882545222 281284659 257271586 163533731
6 1
619218698 251909642 725797011 443771686 481321697 127559047
3 8
318537581 853209802 756860566
6 3
217242967 792347758 488833186 93038996 662719635 208635028
5 8
532553313 567357970 780111651 822056396 833557789
2 9
117244588 142597398
8 3
588308890 844041524 581243755 524858430 842993753 232184250 231802696 206432697
8 2
970445102 18389528 606217247 546510692 37892210 301321274 677270146 691206310
3 3
192673511 172452380 694025308
3 4
382727501 700613310 278998692
2 9
660460776 70351854
9 9
326184936 921054020 161433009 80627565 456980720 247469430 721662610 90597121 593838851
8 1
703486367 742867719 107024808 78501285 518961152 826279759 516821749 759462033
7 5
455797763 859809262 865506430 199150896 721540517 836793173 591577727
5 4
715062543 37084788 256490573 190743208 687000061
7 1
459542487 89182163 885782390 697623267 480125603 587573910 673381640
1 5
910993339
10 5
839607368 91404083 781922487 818127233 569194423 688878401 930537653 306495436 324667920 577148853
1 10
527323030
5 6
562733023 661020296 446777404 682219616 764117192
7 1
962601390 559226762 153741432 597900840 870558479 304255091 952369558
9 7
586587072 731282290 297774128 385196886 418618619 420154711 593599563 963252794 955071400
5 1
977249290 703873497 568742893 639693079 896957075
9 3
503075932 230627831 284296222 780400738 679836549 316781886 105873932 69117098 833390779
7 3
429732832 900570363 207376418 445073852 3278944 646099338 153938748
8 6
120940809 766262342 697377212 168339061 119026786 105708762 803674249 732059988
8 1
508063140 319035983 531879549 997049000 947832433 615921925 243449566 339201576
9 8
418705584 564300924 678544075 434988376 548748836 408185966 952229113 389982983 167000302
1 1
411962395
4 7
64519425 872058595 689296287 962159119
10 9
153052796 405035315 10678830 167829942 490451431 193637124 500739943 106227717 23394475 700879631
1 10
972413760
2 5
460406383 676289457
5 5
564912253 7181083 178804382 573230481 620259927
3 2
836811954 336870723 196932684
6 8
251896445 745977194 590542465 895044942 497678171 493604454
7 10
411670745 684545651 462792430 876825577 353507053 128061633 87046642
4 4
137417362 383563557 929385674 422424681
3 8
287367439 292798869 815167645
1 2
724117476
5 6
312655929 676759072 117670179 956956468 660112423
4 9
526083409 950355068 687919736 387354579
4 7
451924143 789165506 978289577 254715485
2 10
699746353 265557832
2 7
741746340 844643858
10 2
961312594 136849308 687111188 129852716 428278398 58538072 92739367 102363017 275120342 441836811
1 5
452978426
5 7
242407600 733473485 14402372 590375298 237854346
4 2
828589196 446191005 986190360 841294446
1 10
211099820
4 10
69677076 548990153 140590406 672332363
9 8
389966455 16188842 380032333 548329351 946559380 427405505 743726794 80015200 473779259
