55
2 2
212425025 268441760
1 2
159628624
6 6
673961499 48279401 610411536 363014471 380813115 643506713
9 10
289764702 249557618 389544850 6878379 986388425 251948116 431041972 879498490 224231731
1 10
556123207
9 10
828595536 602720340 505567470 756264958 463438905 592501140 508206268 313239229 518975879
10 7
307072180 950590081 262742006 519166507 370329869 965079925 524068991 459220452 529781367 438259122
3 6
476358288 166978307 498782552
4 3
728563373 586146323 482816342 317253857
4 2
332049723 855972028 578895901 116836451
7 10
604317966 308207302 557633913 129611403 371231654 385452973 94209699
9 4
515751453 414976689 124553016 685162387 288058756 790803599 56352775 666596391 536797488
6 5
950636526 858234547 678370792 142985558 335901652 974089717
8 9
885601847 812019275 594457413 398540263 943696039 425003009 773871381 284990240
10 6
130645729 941856519 943455274 815707278 116420139 727206612 84716834 13335116 781708379 843848008
8 9
568986399 998415004 251898771 268448293 126989720 883655075 452178884 367903438
1 7
877531858
5 6
208557029 79966452 930152679 258636451 148709874
4 2
678794212 993451869 424834622 272324663
3 9
263068343 586852449 246304471
10 7
396443617 774905206 974491037 863275966 275356829 103566025 574510033 817808532 787646173 778974934
10 4
706067441 240881734 305055260 771448577 584338073 186749316 17868991 664051213 136189741 557863166
1 10
248202958
5 9
19033746 193753439 132621510 69484177 87815742
3 7
344895260 641577746 714612299
3 6
812319114 156879638 980249770
8 3
114684320 481125412 744172351 376784052 806263057 478955929 692841410 376576073
5 2
392388207 191147932 45673107 910451848 832801407
2 5
631204851 630160652
3 1
108368552 857371985 696772238
2 9
57360775 307896736
5 10
839066952 245530725 492331025 580356423 918599451
1 8
67895679
1 4
378809722
9 3
394892717 690853512 823293776 814240316 591418345 645045779 713191565 26863143 397756421
2 1
806746054 270984275
5 6
133551909 464276850 328279903 317369669 762392139
5 7
562556633 273956735 146694245 786485051 76501820
10 5
560825670 451964514 651219066 162953322 364409144 410207021 888659790 747982691 644217309 355722728
8 6
186885205 609032414 754972732 997319706 541480223 86984419 511429425 114821348
9 1
997669674 866916377 80853527 618680816 438980315 328055252 585141737 780421520 262032732
7 8
470762724 922721124 863262466 817502343 538808610 542801210 172381628
10 5
741284807 428686577 296688663 490801826 350362625 499656142 929226660 173094443 968381156 118009364
4 5
25509030 432846511 191906347 37761692
1 7
404545929
1 9
842567532
3 4
898726691 524953522 467161899
7 7
722874597 222015265 614880994 592846209 424036561 754500007 779352599
4 4
613881715 180360115 315573308 954294774
2 8
812117861 412235362
1 4
99473061
3 6
83323206 413752659 669083083
6 7
48716219 341027329 496015608 584317533 917989611 128335095
9 9
797341078 578136340 34340263 963492263 225360849 509496482 542864493 262308170 592131341
5 4
859172052 539720265 561573009 537644174 49025515
