20
1 8
684184756
1 7
609348807
8 6
80718840 22881189 881608163 497816934 499858498 713319885 710074552 425870272
2 3
463064287 162472950
4 10
595149164 391687042 907616786 209507803
10 1
519414835 797412924 607129289 211514807 349457043 605979578 719214592 13742129 100232450 387239561
9 4
842541686 440794265 284502093 136191584 605881806 77505139 474483628 507935347 540248283
3 3
352266553 885812849 166455621
1 1
95523488
8 2
671955451 72138403 485999336 194004627 299229383 919289190 387820597 586720069
3 9
743893519 266566575 228925576
1 10
256105094
9 3
581813807 293756767 73034214 251863633 96930384 894990098 732106846 620185589 888496646
7 1
673333140 855403553 860698094 252632802 906320415 656154056 87151083
1 10
174112965
7 2
138955172 799784952 587920232 461217418 185583182 995411505 972194051
3 10
248534701 204401539 497718050
8 2
778436974 931579757 994976458 786093338 104019979 780395911 29003143 325568354
10 5
67239338 245724450 478275493 120636325 663589427 504910615 775872793 363566756 676962359 460271652
6 3
640301559 300270960 954351750 501269023 698080314 339013501
