13
10 8
766716449 854792569 20849511 86833512 412868058 764274736 840093895 217156158 537079539 330040129
10 9
976103437 328644328 243174614 424838186 670773225 541444438 356543597 753071091 906328294 642509639
3 7
552459064 972240367 850020180
8 4
820907349 876194556 991825276 392423608 513333602 48292706 279345235 373636650
5 8
545567610 482132911 506162219 479145697 916074932
8 5
875427747 492786179 634902378 284723767 317095263 122661613 986300172 351117950
5 9
721528891 806465846 720439897 282267020 720171470
9 7
72422929 22670410 868195482 333997514 915713184 531451457 280148159 305775096 386130607
3 5
545180030 672943136 79575649
8 3
839120923 993524176 837238681 927289891 355883969 664617167 50429927 919012692
3 5
414615175 6137620 10252248
9 8
757116486 272777895 525114708 862048593 43024566 954105203 771196802 497127862 104510259
4 2
254491795 474313493 61205999 517356884
