16
5 3
687608121 695125001 22994335 636658471 425509852
4 9
984350348 606350581 422960372 157791453
8 6
126634642 16294690 806395816 615329322 409650641 364432435 546399686 406294572
9 5
760346253 667570176 795068224 948962766 923238613 738762386 68961622 148582723 874680447
9 5
787154553 493451053 103687705 228331702 909760863 24025699 816338644 193886357 852074092
3 5
419013237 694054670 799773686
5 9
593383541 249037341 270215093 803505092 422929294
8 3
682491768 888222039 950927947 291283814 952962329 505312250 850432345 71094200
5 8
660300874 737448113 700014493 105861557 705238625
9 4
972765121 250782240 744670564 281093554 137546744 827369193 66620577 1913500 264696372
4 6
143641427 348119888 550398867 741534475
6 1
939217494 537896650 818324937 950294681 473794465 533478104
6 10
164036400 469666385 271417340 309881214 331007374 506768899
3 6
214871134 45054697 778508550
1 8
93179857
5 1
693521233 872409153 503701960 675985821 618175032
