13
7 1
406234925 899681131 596229636 743217311 530824194 928542021 246709925
8 9
134803409 312691901 701995314 657523588 560208777 134672727 827787226 9728615
4 6
635038991 847108597 190189545 632004165
9 6
947090307 999530415 839045169 614810412 427575283 576243123 717071167 284900222 639692286
9 10
222237081 370063919 395480981 213114440 696151236 711713898 655929847 427497677 666825040
10 9
70742508 302072633 108701955 161229641 786533278 942745293 155008441 566028464 714218479 659062642
4 8
985618342 119964773 664093231 653959074
8 2
646277192 668482299 878665387 34451707 394154310 713338975 546006946 726814592
3 7
393295044 681448433 787309157
2 10
138230740 396906671
8 10
517965304 572451719 947325157 892275733 768481706 767054060 873749228 829915441
10 5
583589069 385780439 284900014 36027506 381277436 909293899 865305611 235499636 281920494 699748722
1 1
362652119
