96
10 2
44112309 228477661 323940621 354319790 776969956 946329170 850036059 679960550 970723117 561875747
10 10
798552763 5940277 794711669 54886284 585326662 644729548 296481079 441747455 949804998 768848436
1 8
720015316
7 4
914055135 306413390 74085707 207147151 441869761 378191028 511774004
2 2
650780374 101370505
7 8
488665572 417404711 510340023 976415914 470686456 481356333 842589714
5 3
557871432 271556125 220523979 844089538 413831124
9 6
267281075 751871844 826211833 984892979 761931661 112986853 644486197 363678491 59080260
10 8
161712548 154389519 501565592 343776529 438327009 941116876 468821255 35535783 665651949 113227407
7 5
249682702 167712767 197041699 10467631 212739813 220892581 319353701
1 8
209169120
1 1
835857167
9 10
406735014 2554053 962713989 608499118 248845879 601740385 681729781 214334171 882952085
2 3
544658242 344897171
2 8
602927117 960406279
10 6
655905174 572909877 937859939 521457260 700152287 151729145 573318978 641467723 702659604 432061636
3 10
547378298 584336858 375742138
4 5
29784312 46685891 605656720 458597926
3 10
168218296 889098030 342531184
2 10
863166474 656252469
8 9
46023483 603632629 995496476 902164984 250123990 262148938 686022684 799127724
4 7
245403962 640361727 274382414 935016267
6 4
826283578 942082361 194727141 41601880 317430413 327621720
10 7
439457628 733425267 413228284 67030100 195532694 492574025 272457005 618099572 338136172 187462768
2 1
345599618 956945497
8 5
386137692 419796496 212596528 899693004 333439391 799195013 278443860 698778412
9 3
672139132 87010614 97027792 956481514 123979916 143946505 699015726 776370202 549832204
7 7
604903490 83138595 776618922 449767900 882524212 793621437 869471361
9 10
481285278 605945791 998230034 327992694 398219838 840399366 336931100 814691113 65697158
1 6
424077530
1 7
270315393
4 1
124247267 39416675 124953554 68936879
4 9
285973876 404255052 150420009 861634275
9 8
570853313 39935303 18710258 762759804 895129163 789894608 900115736 407759509 116650051
7 8
920834076 319826083 616841693 545133590 142342352 228910324 574695437
6 9
391744130 764612187 797479092 731052976 298343436 906155384
8 9
377508212 455277936 35820150 377081790 370354963 863878211 72117042 847882239
1 5
983665634
2 2
234118097 836420878
5 10
545878469 212583433 737729941 988066955 787510039
9 2
75050947 102223276 465100294 115507965 562627123 112905697 829372046 628796653 912071920
8 2
24692543 187394809 214564453 437081626 452255793 471361345 253139139 456187880
1 1
804038138
6 4
920061799 418294678 98138389 466671433 439102702 848045548
2 4
939975461 103232396
10 7
910974501 974425635 26997181 10300457 410720076 576821315 560023985 232097554 359841603 189104381
5 5
11768273 415743426 394649565 435562020 526720433
7 10
687853480 541629200 374780619 437783438 996709357 394492154 117199012
9 6
329222234 919264706 915630047 747537227 543342768 665569436 83457968 117653297 543584119
7 9
368859769 775943456 597751238 139266620 479706962 993787019 450378595
10 2
759998058 777483385 577649301 522145747 256960531 897130442 592751063 309760288 168365759 250985314
10 8
551362866 136459196 61264767 664674030 891386354 120915687 915958781 583378819 498731043 95808308
8 8
154604807 136642741 943040648 274692791 788001763 453592827 706429488 359913961
1 6
426297195
1 7
705438756
4 3
267157122 974749879 822590370 16009077
4 3
320209743 897025101 810769968 293629558
3 6
180385187 231755682 579408068
1 4
472706954
1 7
848171343
1 7
774113837
10 7
326657957 864986147 65341804 135154329 182665501 204770798 133200408 459619992 896653557 741642004
3 2
49716239 768547499 348332655
7 6
544652493 378236762 779938194 462060428 494742614 759986187 112127878
2 10
47284390 785402372
10 3
26313653 195100394 685567630 915769973 480091124 138239822 926976779 172228882 173414574 941339517
6 3
460588812 755611076 490094207 154043989 890845793 254064983
8 10
753994470 65593509 939221980 110220012 829786231 832881760 354753798 639276856
2 2
932081916 723843313
9 3
435616416 588628648 210199965 3567348 977134286 88293111 642313554 224535399 726629139
1 3
325814116
2 6
808684951 894628130
10 8
629792747 220978184 444871726 557510462 448084048 346182574 525232655 697572974 221257799 703545683
10 2
616185240 399215139 473512733 619402688 11215558 103993546 27389349 229067644 533347225 1107124
4 3
276542516 802625560 180500759 638470601
9 5
360112623 272882991 338625158 297519993 186906061 532881894 6865732 59712507 781395983
7 8
766920542 673232037 800137634 189733352 870109864 72445153 725604311
1 8
766402842
7 3
179062070 238866721 271225879 212417428 131836057 149210680 959327221
5 4
279501442 582217866 406138698 753995663 890841212
1 3
158426758
4 1
222639004 150100709 739784565 543996380
1 4
518180780
1 1
757064842
10 2
511692930 877398564 266514911 830595756 947698366 66318175 267813454 298315644 19895577 943151541
7 1
562542656 352036707 304176359 621808670 277487368 14301763 29111350
1 5
817267609
6 9
951310085 588498504 682993102 650227769 304444872 678243050
6 9
709502266 860155343 841949487 130639245 805108628 231731205
4 8
824668207 704008032 281463700 102584975
6 3
903150001 637564029 776291995 885418279 390253137 280385685
10 3
544053918 273704836 689288067 564053694 108053008 300818355 923325478 694310625 333081239 114784233
5 8
585151010 305529211 395227307 563528950 564144477
5 2
669866404 814889775 323475567 195890120 546031344
1 4
488768161
2 8
388210596 156506201
