26
3 10
91437502 720116364 356375329
7 10
611402308 580873266 839987702 675015286 53622803 963510703 256826032
5 8
836392937 660993457 961136795 190533224 242499974
4 4
642967992 304177831 521955614 312959102
4 6
35272512 581551523 179676043 812293843
8 9
349873629 465684051 368610818 30446919 648515652 156612900 859736888 529991639
3 4
471363491 79451971 447370746
9 6
439213826 399148431 596648065 567808507 28218380 900351677 965462257 74775112 729867687
8 3
500343585 665222358 295188323 208180398 823792244 452843059 807759615 231098005
2 4
539219804 243409095
10 9
119439738 98704324 989070742 108032956 575224638 18398867 641624616 148811022 501703630 172541326
8 4
272811304 80816590 778133305 753910441 811651468 578844688 203921837 230396781
1 2
22102227
8 1
902511028 799316835 284195736 809461461 254655648 782625061 331477179 655746662
8 9
748201319 828989864 885047762 276833611 127776216 277956129 399452726 461537969
4 5
290782973 482780098 152124335 715997795
3 6
608942161 320771855 848841020
1 10
660642626
7 9
252426467 124957882 749118741 158921284 684848905 203098300 961309837
7 5
659705387 279758 840886727 326432767 10111461 732507677 891358321
4 9
362179874 790061628 850883182 460954037
8 10
347999675 401635734 533683226 413915939 739241733 333883940 987243540 775389937
9 3
778652150 246970394 864210376 103025507 94395464 613565974 130876003 220778359 392151095
1 8
675113796
5 2
298040788 621991924 333159909 718982346 785078138
7 7
83796832 47256311 97267190 465564780 655504139 773064429 866991692
