14
5 10
960007820 481933630 169176528 254083933 789242446
3 5
977525301 721213265 742378150
2 6
855668309 16320549
6 6
108489118 466892769 711843368 966022415 619280335 879842816
1 4
319414650
2 6
426987351 816251207
9 4
738396074 737031299 704395143 869836292 834039534 902768459 282785751 334837535 794681086
4 2
962051691 417606959 433613044 980896267
5 3
31013103 730857804 35231906 618420640 706885153
2 9
423030537 542516574
2 2
505819304 351192294
8 8
421432697 176272406 988315992 87097060 145837289 825040382 680312677 243421750
5 5
815422004 180099496 739198246 967212790 534131717
4 10
48071719 100947258 507900265 404480111
