34
7 8
785715239 717255995 120302346 218693858 258021686 800622184 38288212
2 5
747362116 256722320
7 3
582131540 702104629 105556869 73499077 176133167 394512601 763206582
9 7
200258810 601890773 386950593 247773986 43091604 456727363 812601554 575517644 351308135
1 3
226376816
1 6
365278656
5 3
464639645 709887705 478068992 646712297 405865370
2 7
326711493 618845121
5 8
532352933 644902180 612818209 902278698 636840883
10 10
514752397 70832744 344451978 163819785 50492343 252603776 810625165 926443056 754556280 811720397
3 2
113342509 686492829 16128673
1 5
658393563
2 7
905949455 478204839
6 10
515638048 840291920 220448315 315098210 786821817 319083467
3 3
68345515 644487517 907117555
4 4
394214117 308673010 462900360 956672472
1 5
361404471
6 4
712095952 520842894 488800866 671420339 641415029 49723232
8 5
702067547 209204627 875848174 979802977 181247526 484033725 670496607 945420813
1 3
237660460
3 1
179728671 248431753 630957475
4 7
62111490 816878376 214801665 853881556
4 2
513320949 460881123 362457585 560423871
6 8
932208302 402611604 57458867 353365916 382902884 725203089
8 6
876158326 968240140 749279942 407564289 661535396 796996731 612091156 678995083
3 10
818129742 49445220 503606715
3 4
583763610 977866036 106066391
9 9
514499779 469360629 780799547 687145638 600465279 172608640 760906674 73700707 164446473
5 5
27395320 248192826 831959992 655244854 398781234
3 5
119500546 286532289 952696536
10 1
800701036 767139178 899305246 136968884 755243359 456500352 890025035 902817162 372524080 414653859
7 7
897954700 730961311 316575858 375876048 613323552 41391373 645651508
2 2
376704235 229171372
7 5
63587408 617004552 236060936 893459011 737417511 509177318 486351607
