22
10 2
505648862 669870958 818622231 222369775 43737753 367245783 908595441 851670055 94376599 296848147
4 5
915278535 70921272 460734060 649485004
3 7
654215983 847019432 96675524
2 6
923792438 413589068
3 2
265042610 776704159 333920215
9 9
811150868 916044350 813693271 475029776 816317160 60271700 96285638 923079988 926512305
1 3
382629184
8 5
100411712 457422393 429738654 27127222 168013582 350605507 893800220 643743913
3 4
975624490 987317363 978566449
8 5
250991532 622062560 782386479 762114784 728067696 791437218 438338867 670214901
9 1
338859034 317307975 969797064 178054985 735334286 436466621 740787733 513967881 296239580
6 3
474311235 809306468 388730754 755972891 964936374 920785242
4 1
213630792 759990218 139851546 542543654
8 3
866177653 360688827 561812717 724605680 428447009 36674048 58129217 862722508
1 9
38837911
9 2
423968652 764606606 918902464 368336408 590969770 785063948 381724404 476557044 590761796
5 4
156860908 695264323 706610032 611510386 915059864
1 4
887049958
8 2
95957835 602423736 824226008 296964460 809975692 915568699 218177520 928605532
3 10
130392543 876079772 635116703
6 9
132838769 392933477 158341559 841577196 214019325 867909302
9 7
794451497 361053976 267621763 994251501 960314928 221974707 384425075 83508442 433812556
