37
1 3
711805185
3 10
97590705 448837472 617514090
3 10
668946959 470798753 653133007
4 8
102591661 510448004 355926695 823733066
8 6
945343220 508068790 308462933 956319924 329024330 292989375 455564020 837168124
9 7
450864268 97965027 757711952 52042435 109590763 836004595 368567689 113843899 563749371
6 7
711477920 663887646 272353920 136556201 806949232 948598506
2 8
132590964 965334417
5 9
379669853 748909987 118899478 879831066 875718045
2 6
402596337 44417139
1 3
167298241
8 8
553710544 717641936 983871657 440602559 629615501 720687200 189402316 146251554
6 7
54005774 257093593 235457179 327327483 634019299 304760538
10 8
537594294 747141980 731322295 138852552 309482447 232710511 661679217 609173483 579373084 241443549
2 3
999689619 797177900
1 3
124463795
1 10
306912631
3 3
187621224 969066952 657861733
5 9
397013875 673208593 308149004 318765105 943081175
9 9
590037619 927397390 926912156 723543287 228562677 93718575 333352976 768483034 419591249
4 9
755790953 814531757 566940117 115789602
2 8
738582038 409817431
7 10
255801603 134652226 935786204 105128810 941186545 226523266 903152567
4 7
730141009 1336345 561111756 671945193
1 9
25276791
5 8
634886040 136676610 425589052 451978030 214806160
1 1
999170718
10 2
314508579 685534731 952749308 794637702 314338919 131927435 95653345 43619552 553980163 171901587
1 10
339323409
3 8
178833738 494236323 608554944
5 5
185301448 778598313 104486608 501397393 201765402
10 4
18821297 835747767 849070188 637113147 420319191 912770442 66449801 581344426 143004980 161613859
1 3
699374777
1 4
652895672
10 1
435656707 747326342 111893661 280871861 713624033 730484841 114441508 565718140 643156815 866666624
2 5
309621180 681977924
7 4
429524312 441581345 645715853 607042143 455266460 343461369 323089778
