12
5 7
306540176 465719187 583531224 326654677 332684421
7 5
981264625 123897894 507837714 624607310 756982533 327152655 791345192
5 4
621859955 319686427 65437622 732330284 865361950
1 4
324465748
4 5
984170947 483184196 371860653 467596083
3 7
818563242 831188498 920067294
4 4
458494329 449394017 177803786 106006849
7 8
447821701 954193655 181520223 318951949 713936893 872733411 328410616
3 7
316899536 107787251 176605079
7 1
641097123 643039140 140929286 363048966 297057532 116279270 514072689
8 7
508479545 205233994 856006180 531879582 415584135 985095607 734729994 144277935
3 2
787364718 839946797 499208165
