21
9 1
799314784 669492997 545923636 618578512 709206521 754041419 287239217 361463107 984731927
7 7
534957952 756499166 614391911 420047979 914799498 461822039 936420211
2 1
501367724 205855629
9 4
990837456 561809266 926695735 515578728 439790704 191794560 49220842 950247182 896843220
4 8
517544045 602164991 274482067 603712146
1 4
720071334
9 6
815128324 357705393 229028686 537847654 525107395 35980690 594451800 58907783 418911051
3 2
462929077 496419089 722769833
1 6
718027981
5 5
660835200 83739967 99949637 479677532 545512826
1 5
545358230
6 6
259143648 585626037 647178975 835609337 510850511 677487583
9 1
473834792 162654803 640613126 206326038 311124718 376738513 495138489 526883124 752440197
2 8
986421351 205593413
9 8
331034952 850661359 330283880 407627743 796196811 12909620 575839624 601966587 302011454
7 10
476703237 513598630 99713466 738151518 486824348 314397941 267478550
6 1
783538416 491830131 842771695 68557544 581528400 889173733
4 2
476744344 967570525 872098022 19494772
1 3
936943050
7 7
667495 527187965 341486491 125104306 842213272 811920850 820414131
4 8
114621438 550703907 564958130 509271143
