94
6 7
62165085 476356035 141189092 38807111 245860620 365748571
10 9
120143153 405127163 336894433 976733856 778063452 248615525 29319858 474079814 763198586 906329568
3 6
959955442 683040802 317330899
7 8
904309626 284426673 932963798 589663030 455941567 32090103 258305332
2 7
812628864 253138951
4 7
535301944 632816525 850844096 656820280
8 1
662923065 90970856 819632690 38234945 763738513 378297303 718770198 914700654
5 3
352754452 78812593 145004868 821436255 23158234
4 6
502061159 227955926 366244764 198896821
9 2
540913418 347126453 689569568 668928412 598674238 184305795 226236947 262332038 892943907
5 2
635650904 92461430 355594197 613593254 527998293
5 10
855904817 604440034 915786515 197958874 984189680
6 9
12724689 934063733 826953127 225369526 328860390 198772704
5 4
398751178 401489766 677171299 467253174 551877637
6 10
15504681 781174986 868152813 124184566 71435094 995530786
5 4
269846833 536852040 171525230 998298081 124629470
5 10
661843295 669599204 82850176 507294396 564084068
7 7
626157935 943183418 679319260 13921288 137084211 914936951 823434698
10 5
830865481 699851229 526296625 975899442 318888677 230180337 11626503 522533739 351863863 543026988
6 7
167005187 582236872 150443308 627119941 734305533 900623117
1 7
484533495
3 6
152330375 358234381 632741470
6 10
66041188 813140790 574397025 898168820 563747480 621839541
8 1
729260014 668484843 93854914 17915963 576950463 226640545 736775896 726447108
10 8
483598350 576873714 598553260 127874248 362807482 30952279 636377683 362785837 12531404 616177462
7 2
522105391 218885181 623006255 92475199 240030405 992080925 359813180
9 7
709689591 633652322 672542400 482774128 709487537 307240435 725802319 870221110 951165191
5 6
557508727 648438390 433509131 178835668 118964143
10 1
751112861 312640353 823316851 6824473 322412450 406164996 181330384 398435629 937044017 284311235
7 2
326783778 714268879 282501882 944210022 697399980 983011227 835678034
7 7
645276308 48699824 994795865 569174342 70294559 488043250 23977891
4 8
447015139 729563387 682234422 342495846
3 7
448420965 875983783 46051917
3 7
336500656 596692441 212076097
9 4
584981233 831362 186758318 813637012 951827621 451026063 403743672 700354641 603517410
10 9
965578670 229696512 667003445 960680246 511931831 228178053 646965735 280928798 915166745 984195187
9 9
759749216 913802178 157174969 9653743 689224121 637797975 614277768 986721821 325497060
2 9
873069712 719328532
3 5
37981367 329445953 272706595
5 5
182337836 153829182 783945712 968381562 725582840
4 9
65233113 748032005 73535589 68222053
4 10
46518472 861148773 780612724 198474322
3 4
206749688 68469406 615320931
10 9
232050075 649310159 631374650 168849192 258897685 287904357 560324076 466539296 952823469 788343430
10 2
90482389 339883909 443765449 497674587 904198602 651114797 141095799 929551676 962404501 57604188
5 8
496413439 901279288 63546636 185090439 432511442
7 8
556853370 43659217 775626539 89164586 944579648 795862687 615122861
1 9
889105240
2 4
711643315 291076987
3 4
988503186 702468041 124960212
3 3
79242839 922288746 657300130
9 3
799573146 681781230 701735448 797315253 488644221 987271737 229510346 618637047 904308777
3 4
286847273 650575526 828837607
7 1
539999193 480951984 631468859 557118290 615600652 761095366 217844614
2 4
257980334 25050728
3 5
940416706 629655350 731842172
4 7
173743725 62824186 424576243 17144685
8 6
22400528 106664976 555925786 458050692 377953345 613691515 195659635 878969376
2 9
729710158 695684115
4 7
255083436 586941184 628842657 285230259
6 2
681060186 530882437 364516061 431337383 33790092 499258522
3 6
594118355 355853587 651006557
9 3
406230958 157561875 256633331 111949000 985407066 436811274 947347016 859140242 684788773
4 2
541390509 131112877 779955255 191685540
9 3
31653227 47195253 50585432 94898636 93351267 867118207 519751169 682799000 808909445
9 7
717539254 218196285 22736680 921785700 415561425 948642956 998635943 920506442 57749426
2 5
681057382 600536643
4 5
667465013 556524120 367241957 65477820
7 5
557873045 265521935 192339208 678773712 463541881 59079105 918608711
7 9
968144423 107501845 244696925 422549992 666878670 435311339 65427479
10 6
986858475 846402772 295164266 308256818 478083399 196628313 203456307 104717032 696468051 621482686
9 4
156172373 4160811 727173235 170923533 461384875 990719373 505202669 226324265 900326558
10 5
593186644 948311795 484234716 25622446 774845440 368549951 90198711 690538477 745061901 756806546
1 8
11823157
2 8
985562516 657466048
7 7
436171557 170670873 968521739 527938330 251261489 294424715 131806852
5 6
577164190 708611307 52151990 801631783 812218954
4 6
408551803 798118261 767025922 375795827
7 6
464013488 400882788 763829589 799076686 602538291 180610230 961110774
4 9
60089472 668494585 522904654 665446908
2 9
419934324 298679272
10 6
112768356 1541194 60084968 610440589 382573100 916399679 675732316 165559245 40373912 120230136
1 3
63957520
2 3
641412301 606774921
10 7
273087909 507519869 339433967 364104164 266713067 662085723 631471779 856220480 37502251 89047005
8 9
509567269 594590489 130717771 530343456 931132764 764730759 813287048 898329167
9 5
81080319 889482591 390464495 589129081 822381187 254092057 301903391 374286275 568470247
4 3
890225666 675573979 371309466 792241693
1 2
598441321
9 1
759411467 482312481 73896978 947595463 531789150 15388841 920548822 937675778 906688628
5 10
611021125 283431153 435570767 558676863 763803326
1 6
206171133
8 3
903529105 344287921 764685953 133264613 917279898 467318319 818909116 188164504
8 10
410377481 437077409 256194169 873551006 148622788 840027603 99156942 258919142
