46
1 10
806734457
1 1
54613406
3 5
952295530 723080987 136731563
10 5
748364258 444074829 581376099 868696742 393789906 31942919 162094743 355510293 701578929 482065125
5 7
657412371 247150958 243977904 173298140 728311582
3 1
573797191 49311181 636757837
6 1
787306572 898137370 292289242 717412222 428421460 550898063
7 8
798847244 303243937 773510741 728371839 354393413 500801995 998917553
6 8
141412123 296786069 827586183 419394144 539733774 829100528
10 10
244805853 152229418 473529445 308162309 815398331 253061136 721833530 37616756 115716849 764549518
9 5
117477833 614561553 720030 348487634 607318390 70569552 218673555 705261202 980104493
2 3
84813000 780633907
9 6
59199572 833022203 373896855 130692957 58204984 507278705 369950030 445430107 285575681
5 2
134383381 387129927 120731225 550513426 276448863
5 8
405273035 548136411 852963293 869644101 941462320
10 5
193352456 711263991 229361911 971276206 17485216 487200711 828165831 572225443 670593529 902272122
2 1
84902325 904409468
9 7
936563804 350935921 622651827 209974836 989504404 542768128 875901140 914138552 967553763
5 7
748370265 72536454 746640966 709593813 524277871
7 5
728930939 278737742 240579030 764496980 946200251 107364966 385899166
7 3
832202950 601717603 589747743 963341326 799539958 655894903 330344077
8 6
88763612 237090431 619240274 543643952 33059035 50124490 289926036 101969647
2 8
546998075 245351197
4 7
588100188 881645077 986855991 571676697
5 6
729270151 469376431 970588402 849384651 388735367
7 2
594542414 445759879 944869575 737537011 85817614 356627049 106409601
6 7
647269121 712098599 401494960 295543876 211706927 604938656
7 3
346177100 96891875 641917699 801187060 725471220 541378491 861372758
9 9
307155423 941489367 656739228 443373973 31255513 157795087 95580341 925075524 20218621
10 7
397615293 995150723 539057313 901279533 295977571 121360427 39519368 227134097 8567903 813808017
6 10
470638281 361737187 679332614 927983225 443412783 613462412
5 10
732494400 650820615 436045203 805395264 435727955
5 3
343019840 191136323 194569075 919316700 412037382
10 3
977281678 977731773 480968433 185155024 412254005 557665044 609348641 797822036 102739391 866971353
6 3
265592441 708776481 574738136 651998873 698691366 473851715
5 5
460065980 505769917 994326369 585482492 487910478
4 4
316726875 46063777 310547232 678677256
4 5
327885020 35135229 447834820 541169000
7 2
373753439 161479478 264207110 64205074 323521318 353754196 981570056
3 8
982492922 674211597 407086681
8 4
802501547 765191683 512511631 990009192 21838234 538937000 743979578 804780468
6 8
6210010 806445549 412471904 727624569 889176515 994810086
5 9
965326877 832433679 681243579 476994815 748898561
6 8
726337438 724061372 459853616 771467613 815664658 870582054
2 5
574944817 492079086
9 4
483145459 300219296 912580426 507049734 422701484 552801589 769439854 226670689 611608142
