47
10 6
902923912 308383101 570374287 544734604 815071366 703389492 929917696 759687954 443207393 754032571
1 9
675420397
2 2
296219695 400213095
5 6
667047063 554594335 762549224 333845749 981172784
9 7
146188097 133769772 107520994 507449756 787953379 164472676 113498506 34138181 53450067
3 2
890780137 438964563 557571015
10 8
838582923 75919611 154121923 495434787 129326929 479016596 219146646 36088227 391816912 962683081
1 3
64893104
10 6
637289545 706793719 666340273 730885445 853331 952543089 848613582 948829414 343709562 581132534
6 2
837083673 262642954 137678339 160349031 414361318 450391063
6 2
383897407 673575907 305224969 502708297 604859071 39231659
1 6
248850991
8 7
405502262 276046758 11139185 938974393 773519004 138379288 245476744 500116767
8 1
339311243 386615107 568826335 611238854 931592061 832089837 855110045 501816001
4 5
162414511 311509973 236413309 988994778
6 3
963310507 771501257 99561324 80598841 509000922 693242528
3 3
113021863 646041615 783324331
9 3
807063930 740946768 193671904 300198086 755410052 182175828 696545718 917565531 864549865
1 9
348754994
2 6
923504949 54153137
8 9
794811213 615420745 449029080 490068194 184149483 659549223 517279211 382265524
5 10
109416145 860986623 953384320 845797248 341823021
9 7
522054684 384431223 688347636 184417838 958458067 269044970 223752874 523006255 242819484
6 10
861041569 981140265 153192703 540089876 428827043 226280977
3 10
134078619 334486332 546281384
3 10
207240935 571474291 651457632
1 10
485144443
6 3
728617686 600650212 605817958 285726490 402034515 563173840
9 7
583725049 880146924 3684844 568986438 684445100 291497322 29633026 118753743 66724516
8 10
861509533 976342254 297105783 922300165 343401122 193632603 454483693 402734394
3 3
209282797 53485416 562917229
8 8
444340209 127791761 421625862 587491424 89548983 933663934 566541331 852856470
10 7
772454199 831174081 688420687 565337374 119348142 955750303 764533587 687651379 689745543 389556114
8 7
818158952 520791079 892865890 913541282 741606271 175306463 871335637 711852310
2 5
394608829 258830818
9 9
722362150 819016210 612149762 360738515 30910239 318540994 255481017 970155323 319541043
3 3
369060818 970714779 784101165
4 4
444087930 667323347 42756536 368964263
9 3
588128502 744471943 378947351 624842724 731621166 861281290 763791293 663346244 825131570
5 4
593233528 35089622 737200802 446998964 696455525
4 2
337599059 709287346 667359616 177567744
2 1
550377888 763382445
9 2
90503261 968434569 85691922 289946805 800410430 499935041 890756729 863603659 60286476
5 3
348300104 221171773 445452809 757754468 941879992
6 8
250166877 255321556 71811287 469186857 364074325 679428504
1 5
669368621
3 10
795988363 782923643 840515664
