85
10 9
216858221 821658606 184235041 766526834 157836876 921201113 611422078 996094800 123481048 23032583
5 3
855543922 131409404 406398523 368115994 574295891
9 5
528479113 628248543 444143706 424422708 586174316 49023414 994168113 307771313 285226862
9 6
10585939 480905978 879102972 859048035 133276605 954066799 444077408 559507512 307588669
6 1
184860962 637586021 285162727 245971923 769530855 567628710
9 3
219262455 711838531 281451342 447031591 145265796 827870386 559896062 132902002 94468509
1 6
658386692
7 9
444429347 65619657 519198238 104166628 286161568 854577985 159139844
10 2
34973321 51063071 809666912 492791823 669744209 235037446 806516957 521759212 443428454 46240313
2 9
329766974 811296080
5 7
304825684 772312129 545918646 103771762 667120703
1 9
211534523
4 8
327199923 259592996 947148909 34826642
10 1
398981455 925129787 816920326 176853617 312236392 296756308 249144731 763573875 712300395 257149479
10 3
527975479 775897092 437324512 683071723 742992353 910550047 351920131 5769130 636124711 116607432
9 7
49732839 425538834 724487421 339791407 287094578 852492491 803773821 685340357 152840721
7 9
120550061 258792996 37693731 142162670 85455686 500214720 121529407
5 5
869894289 962774860 556761072 209301793 763381910
9 5
830942401 308403852 432102528 368399389 502190534 439495434 459990097 166504279 679774954
1 8
396918014
4 1
29821433 93620393 742054593 979967618
8 2
813184838 919314964 541719382 754074985 599435047 959522192 566068450 528186364
9 1
402130471 383263949 107617866 523075689 320045141 499491605 344846172 834643209 606141984
5 8
956678261 118751955 753238076 874976383 551282909
10 4
803000516 100698011 776637960 870727604 226979088 313471671 456624438 40326060 806871396 154180042
3 2
926089645 603744164 650907098
10 8
714488 470196907 490969937 867997786 187625841 106595747 408293902 105977697 435682225 158939037
2 6
18635826 908984188
6 8
137613950 796568034 406319690 571402908 185776910 151952605
7 5
269867730 572739383 399803163 108580457 594957376 849527475 900736286
7 1
475726546 493802654 33236413 709100631 219108240 906394061 351304308
4 5
6379446 868989526 951753297 898832817
1 2
776886109
2 5
164062516 130447319
4 6
528376292 266487515 142084542 954172942
5 1
754195152 159809716 511800650 930440709 100409031
4 3
117321319 467769297 920557089 731365773
6 5
514624251 429944825 616664559 384282009 276624982 53957318
8 5
269418314 316666433 743933285 876436416 632075373 83081835 975909717 930433846
6 9
473864904 274398057 742519839 315582107 551315244 548716512
10 8
835283917 630320675 851884738 530526229 755996843 670101039 808156870 913924049 574164544 553006383
4 5
676355888 951108960 136398168 840000423
4 10
970479631 53668241 123709181 663385671
10 9
66642795 702478577 979705565 840683255 898452478 847404819 371881385 917655921 218710143 427070620
8 1
515111589 417007405 91056562 436245796 684281019 644719139 197693568 483709955
7 3
38274120 613486342 234440257 812887633 871384161 331667742 480029966
8 2
187531466 403911850 523188568 169344101 199875808 644191395 257553874 772034688
10 9
630777253 72013766 514363716 101678046 383811166 602735971 174608138 487614655 471146227 795365481
4 10
269186120 422918040 476839310 21473722
3 1
564122890 65112654 993089276
4 2
793711990 267305926 913946603 7165625
5 5
630022291 642769980 631279306 529267570 744269235
6 9
505225447 454422309 188977033 273426565 978075315 803309938
7 9
848332484 2894914 361628006 696974016 433163772 561234818 152044142
7 5
308544451 536530358 494157918 399746905 895793463 109359278 551474774
8 6
339001077 93843148 33142957 684212977 24565814 149775362 914221686 475352626
7 6
259076664 202437851 572835423 594306064 653923660 754406288 400776735
9 7
65727208 288604228 662572934 294430059 391889602 90310355 773642698 600864213 879951561
8 7
963000564 833926922 198431193 33762651 976428257 406582080 130343478 982898237
2 7
265592977 66406417
8 7
804374777 390957542 799918411 24407824 500741340 394151188 116469143 333371791
5 2
276167126 121999932 47777052 181300899 597651713
6 3
745415146 103194405 214493897 844492318 894861442 100107342
7 1
25803822 476909988 699465431 157046044 245606232 508461266 334732737
2 1
997392167 630698400
9 8
540944661 827046696 781909975 107151408 928265890 57460474 82868302 668664929 991465952
5 4
924182316 632029377 366813759 112135800 961013173
4 1
629686041 152330072 642540028 491302326
1 5
895823445
1 3
977639252
10 9
114795883 694169719 83363630 879750241 434442575 882328185 922251145 642457337 855608283 65191764
2 1
680668398 853472839
1 5
207476809
1 9
114480203
3 3
724886816 942911349 575489205
7 2
443040583 555341021 67628667 189649580 545574106 261011942 461719225
4 10
779141357 253849943 926018842 421139908
9 8
3337371 710468555 270466716 954020922 783654175 81678392 101129160 78983998 428033316
7 3
684004700 861300210 768127196 727320722 745650545 206515427 375781619
7 7
356845395 239840661 115336704 798003253 699577369 546784166 851055691
6 8
71827259 907871283 421558707 296093737 664601330 600316530
10 10
347773057 812029854 633875000 777526127 884164668 861548811 491202848 248001012 197131334 664299839
1 9
609968314
9 8
725521748 837415251 594457415 607470528 739776007 514089201 813999748 555264721 492713115
9 5
392769988 853521146 883030102 776996488 439690772 678469891 6873639 943411437 507644679
