98
4 10
959562050 850247699 646185058 235156915
8 10
87048988 20075988 297286592 256322599 319759087 572851332 255548031 186759202
1 3
873207593
2 1
77176292 860550984
8 9
943778553 380991841 870881991 682264917 550799376 98750135 33782652 513975816
10 9
731964126 833961171 242262915 670160805 214630208 648998072 578776687 368001000 873540113 643703649
5 7
219200660 139253872 772014896 739528159 868473888
5 8
425199283 171797556 388179533 283025209 455724072
10 9
761588993 388103187 466953531 290261707 817322441 312831570 744369318 459700001 713986102 527817677
5 8
48368361 860848965 962905098 101822702 410443049
3 9
481419503 758250330 368950308
3 8
39204652 173566836 549488494
10 3
698464120 908480160 892175227 24672077 202967237 655740143 970953585 976387095 816323783 109739484
6 7
694811145 16879454 288700886 95792541 436320611 868838959
5 4
587770554 915260515 931695083 68248747 49003158
9 5
874926018 423851121 956484763 70344102 632192522 406033284 933291453 376292142 199793472
5 1
18890101 756401873 317204103 619111903 835036231
7 3
892902679 85505185 62553205 782093632 339106839 290759433 26934908
9 8
218372604 816050217 569536468 171009233 858783274 451630514 310270769 721719283 923431782
1 8
276769796
1 6
716627932
10 10
252124015 662307793 356666086 197888780 129893216 75465498 410206291 790070420 489752193 100065923
4 10
720314291 500828905 443463558 189707154
2 3
415366209 603697102
6 3
664670228 361070157 697483218 65813247 113459620 956866283
6 10
580738606 658326314 197976236 500794633 130592837 17884811
8 9
405084085 962951547 505031884 286432670 695076482 871759771 158810804 93438383
2 10
780955584 667442017
4 6
473351993 324214460 186844113 476623250
10 8
82074610 302161675 898983302 387174452 830366395 448436999 167147127 973909470 805159169 827990919
6 1
488234379 128807066 437525995 311503253 664462536 17669143
4 7
972806288 564494873 76407521 301470093
6 5
122424155 889981755 803608865 308644503 167324118 348379190
10 1
951687041 128857757 438527910 408684639 212502904 609459051 286983035 546345022 902643191 444320410
3 2
432230070 158003354 635670432
9 2
465906117 177309340 377991181 698136182 142274142 704198915 92871289 465429839 384879293
1 4
425715064
7 7
293319221 295565600 920784001 382051876 777167580 411968688 484068149
3 6
854783467 332981296 269616326
2 10
486243746 672452664
10 8
619124333 858591400 613317962 839451005 263683007 196281124 36886190 358015217 466009172 333725446
3 8
623149932 316833087 285417709
9 8
12798126 815751638 944952374 118649240 248807212 471976194 501944616 378858978 202855615
10 4
775220796 731296459 570323784 80512454 627239893 866198418 919306803 644397978 299088630 310220474
5 1
840256814 822091399 91186037 656700369 787782427
1 5
803564769
8 2
687417587 859770231 327049946 206261728 957583400 807335508 273272411 928585906
10 4
543474841 395484096 576104004 472853790 963029108 752765078 983575868 125985742 318136343 518725848
7 2
958845668 594905602 105506666 169833746 454634420 424718331 414738733
5 5
252649531 935342230 194869051 591672424 637195155
10 5
195905721 121586119 529511981 753389609 824393331 326489390 994077919 496065369 68413466 48350943
7 7
363895036 974462316 574668350 287079171 988183445 893896435 880930974
1 3
596205481
2 1
493781792 257605620
3 8
913191600 391018942 901794045
7 2
154421416 933017281 205856095 453359250 711739744 610886737 334039631
9 10
379386562 429247286 154706556 586632292 606079692 263145702 238033923 546203844 855002419
1 8
81142763
6 9
309912986 525834994 11506846 35204547 358746963 395567834
1 2
708621488
10 8
188051842 839945543 229241424 841701899 667172874 950320955 671196101 565791356 673840962 872619427
2 1
655897052 467334961
7 2
574484620 672667467 160701344 601266201 14866684 92872222 113054942
3 10
483574416 756655892 505120058
1 5
578441153
6 9
938123167 609919912 222626725 64877484 6889879 818463413
1 10
976299555
1 7
969602376
5 7
72301828 93138047 378957276 118547959 885128458
4 3
28535868 467883160 893593189 870306524
6 2
52483560 941698337 921636356 331315095 316999649 329739601
8 2
428433517 558302705 543121655 885231313 717114956 527304106 308701197 441527020
7 7
24563829 514813855 305567141 400233763 591363263 621095565 956931402
9 10
648956754 394281758 591450576 752853040 851827875 7099165 478347142 619774979 336893599
4 7
569051348 84873602 836677822 204172697
7 8
397071662 677797879 506903357 981617309 658796521 361974839 265596287
3 5
336691411 288235766 613490925
2 8
248958445 62809299
6 4
20122102 702205136 516292364 870102334 504163030 159231966
3 8
133357646 233842113 860668492
4 5
484322276 330156248 834285829 179137729
7 10
168754136 290325548 884574338 419544324 24014229 482329782 169732958
8 5
406517622 86299067 626786501 664870112 62856323 913542569 367464378 446937337
3 6
886771014 23473927 749749282
9 5
895035929 405599316 811554601 709818883 364025352 752071531 109856091 286845699 437361498
9 8
678945386 93306455 889191555 858515111 448558969 410017376 205978767 530532294 228120119
4 7
68398878 458094330 113685150 915157853
3 10
622746561 189245197 753658717
4 5
208823072 509608251 652107446 281329489
5 8
453109967 715284513 935094410 24749254 219111116
7 2
681619473 825644417 444703969 41661409 570875311 123974204 559611529
2 4
127898500 760725587
8 7
292556256 980592016 66084485 530047206 379119545 66235887 649539510 50042390
6 4
874918507 33636082 414335640 435164675 609971119 417464663
10 9
906047322 347020532 800958003 386450424 916217168 508936920 644510000 871376808 556285191 187453616
8 8
746440809 318417216 34632611 647170647 932865145 398173338 185996703 787237780
6 3
268922503 465598743 910741564 88948919 532644048 97147793
8 8
221170823 11110505 576986828 915134513 972648198 955774311 674991342 310532214
